+---+---+---+---+---+---+---+---+---+
| 8 | 2 |   | 6 |   |   | 1 |   | 3 |
+---+---+---+---+---+---+---+---+---+
|   |   | 1 |   |   | 5 |   |   | 6 |
+---+---+---+---+---+---+---+---+---+
| 3 |   |   | 1 |   |   |   | 9 |   |
+---+---+---+---+---+---+---+---+---+
|   | 3 |   | 4 |   | 9 | 5 |   | 8 |
+---+---+---+---+---+---+---+---+---+
|   |   |   |   |   |   |   |   |   |
+---+---+---+---+---+---+---+---+---+
| 7 |   | 4 | 5 |   | 6 |   | 1 |   |
+---+---+---+---+---+---+---+---+---+
|   | 6 |   |   |   | 3 |   |   | 1 |
+---+---+---+---+---+---+---+---+---+
| 9 |   |   | 7 |   |   | 2 |   |   |
+---+---+---+---+---+---+---+---+---+
| 2 |   | 8 |   |   | 1 |   | 3 | 7 |
+---+---+---+---+---+---+---+---+---+

Id: 77ed0ff948cc
Difficulty: 5.9
