+---+---+---+---+---+---+---+---+---+
|   | 3 | 1 |   |   |   |   |   | 4 |
+---+---+---+---+---+---+---+---+---+
| 6 |   |   |   |   | 8 |   |   | 3 |
+---+---+---+---+---+---+---+---+---+
| 5 | 7 |   |   |   | 9 | 1 | 6 |   |
+---+---+---+---+---+---+---+---+---+
|   |   | 6 | 9 |   |   |   | 2 | 1 |
+---+---+---+---+---+---+---+---+---+
|   |   |   |   |   |   |   |   |   |
+---+---+---+---+---+---+---+---+---+
| 1 | 8 |   |   |   | 2 | 6 |   |   |
+---+---+---+---+---+---+---+---+---+
|   | 4 | 7 | 8 |   |   |   | 9 | 6 |
+---+---+---+---+---+---+---+---+---+
| 3 |   |   | 4 |   |   |   |   | 8 |
+---+---+---+---+---+---+---+---+---+
| 8 |   |   |   |   |   | 4 | 1 |   |
+---+---+---+---+---+---+---+---+---+

Id: 6b430486f50b
Difficulty: 6.7
