+---+---+---+---+---+---+---+---+---+
|   | 4 |   |   | 3 |   | 6 | 7 |   |
+---+---+---+---+---+---+---+---+---+
|   |   |   |   | 4 | 6 |   | 3 |   |
+---+---+---+---+---+---+---+---+---+
| 3 |   |   |   |   |   | 9 |   | 1 |
+---+---+---+---+---+---+---+---+---+
| 7 |   |   | 5 | 9 |   |   |   |   |
+---+---+---+---+---+---+---+---+---+
|   |   | 9 | 3 |   | 1 | 4 |   |   |
+---+---+---+---+---+---+---+---+---+
|   |   |   |   | 7 | 2 |   |   | 9 |
+---+---+---+---+---+---+---+---+---+
| 4 |   | 5 |   |   |   |   |   | 6 |
+---+---+---+---+---+---+---+---+---+
|   | 8 |   | 6 | 5 |   |   |   |   |
+---+---+---+---+---+---+---+---+---+
|   | 6 | 7 |   | 8 |   |   | 5 |   |
+---+---+---+---+---+---+---+---+---+

Id: d4e98b4681b7
Difficulty: 7.2
