+---+---+---+---+---+---+---+---+---+
| 6 |   | 9 |   | 4 |   | 7 |   | 8 |
+---+---+---+---+---+---+---+---+---+
|   | 3 |   | 1 |   |   |   | 9 |   |
+---+---+---+---+---+---+---+---+---+
| 4 |   |   |   | 9 |   |   |   | 6 |
+---+---+---+---+---+---+---+---+---+
|   |   |   | 5 | 1 | 6 |   | 3 |   |
+---+---+---+---+---+---+---+---+---+
| 3 |   | 1 | 7 |   | 2 | 9 |   | 5 |
+---+---+---+---+---+---+---+---+---+
|   | 5 |   | 9 | 3 | 4 |   |   |   |
+---+---+---+---+---+---+---+---+---+
| 1 |   |   |   | 2 |   |   |   | 9 |
+---+---+---+---+---+---+---+---+---+
|   | 9 |   |   |   | 1 |   | 8 |   |
+---+---+---+---+---+---+---+---+---+
| 8 |   | 3 |   | 5 |   | 1 |   | 7 |
+---+---+---+---+---+---+---+---+---+

Id: 341ea530a03b
Difficulty: 7.5
