+---+---+---+---+---+---+---+---+---+
| 3 | 7 |   | 9 |   | 1 |   |   | 6 |
+---+---+---+---+---+---+---+---+---+
|   | 6 |   |   |   |   |   | 8 | 1 |
+---+---+---+---+---+---+---+---+---+
|   |   |   |   | 8 | 7 |   |   |   |
+---+---+---+---+---+---+---+---+---+
| 2 |   | 1 | 7 |   | 3 |   |   | 8 |
+---+---+---+---+---+---+---+---+---+
|   |   | 7 |   |   |   | 1 |   |   |
+---+---+---+---+---+---+---+---+---+
| 6 |   |   | 1 |   | 8 | 2 |   | 4 |
+---+---+---+---+---+---+---+---+---+
|   |   |   | 2 | 7 |   |   |   |   |
+---+---+---+---+---+---+---+---+---+
| 7 | 8 |   |   |   |   |   | 5 |   |
+---+---+---+---+---+---+---+---+---+
| 4 |   |   | 8 |   | 6 |   | 1 | 7 |
+---+---+---+---+---+---+---+---+---+

Id: d239b3f40182
Difficulty: 5.2
