+---+---+---+---+---+---+---+---+---+
|   |   |   | 9 | 7 |   |   | 4 |   |
+---+---+---+---+---+---+---+---+---+
| 4 |   |   | 6 |   |   | 3 |   |   |
+---+---+---+---+---+---+---+---+---+
|   | 7 | 9 |   | 4 | 5 | 2 |   |   |
+---+---+---+---+---+---+---+---+---+
|   |   | 1 |   |   |   |   | 3 | 6 |
+---+---+---+---+---+---+---+---+---+
| 9 |   | 2 |   |   |   | 7 |   | 4 |
+---+---+---+---+---+---+---+---+---+
| 6 | 5 |   |   |   |   | 1 |   |   |
+---+---+---+---+---+---+---+---+---+
|   |   | 3 | 4 | 5 |   | 6 | 1 |   |
+---+---+---+---+---+---+---+---+---+
|   |   | 4 |   |   | 1 |   |   | 3 |
+---+---+---+---+---+---+---+---+---+
|   | 2 |   |   | 6 | 9 |   |   |   |
+---+---+---+---+---+---+---+---+---+

Id: b08d68b29f7f
Difficulty: 5.2
