+---+---+---+---+---+---+---+---+---+
| 2 |   |   |   |   |   |   |   | 3 |
+---+---+---+---+---+---+---+---+---+
|   | 8 |   | 2 |   |   | 4 | 7 |   |
+---+---+---+---+---+---+---+---+---+
|   | 3 | 5 | 6 | 1 |   | 8 |   |   |
+---+---+---+---+---+---+---+---+---+
|   |   |   |   | 6 |   | 3 | 5 |   |
+---+---+---+---+---+---+---+---+---+
|   |   | 3 | 8 | 4 | 5 | 2 |   |   |
+---+---+---+---+---+---+---+---+---+
|   | 5 | 6 |   | 2 |   |   |   |   |
+---+---+---+---+---+---+---+---+---+
|   |   | 8 |   | 9 | 2 | 7 | 4 |   |
+---+---+---+---+---+---+---+---+---+
|   | 9 | 4 |   |   | 6 |   | 3 |   |
+---+---+---+---+---+---+---+---+---+
| 3 |   |   |   |   |   |   |   | 8 |
+---+---+---+---+---+---+---+---+---+

Id: 71909607518c
Difficulty: 5.4
