+---+---+---+---+---+---+---+---+---+
|   |   |   | 3 | 9 | 8 |   | 2 |   |
+---+---+---+---+---+---+---+---+---+
| 9 |   |   |   | 7 |   | 5 |   |   |
+---+---+---+---+---+---+---+---+---+
|   | 3 |   |   | 6 | 5 |   |   |   |
+---+---+---+---+---+---+---+---+---+
| 8 |   | 5 |   |   |   |   |   | 1 |
+---+---+---+---+---+---+---+---+---+
| 7 | 2 | 4 |   |   |   | 3 | 9 | 8 |
+---+---+---+---+---+---+---+---+---+
| 6 |   |   |   |   |   | 7 |   | 2 |
+---+---+---+---+---+---+---+---+---+
|   |   |   | 6 | 8 |   |   | 7 |   |
+---+---+---+---+---+---+---+---+---+
|   |   | 7 |   | 2 |   |   |   | 5 |
+---+---+---+---+---+---+---+---+---+
|   | 4 |   | 1 | 5 | 7 |   |   |   |
+---+---+---+---+---+---+---+---+---+

Id: a8f284d67a8a
Difficulty: 5.8
