+---+---+---+---+---+---+---+---+---+
| 4 | 9 |   | 8 | 1 |   |   |   |   |
+---+---+---+---+---+---+---+---+---+
|   | 2 |   | 3 |   | 7 |   |   |   |
+---+---+---+---+---+---+---+---+---+
|   |   | 6 |   | 4 | 5 |   |   | 2 |
+---+---+---+---+---+---+---+---+---+
| 1 |   |   |   |   |   |   | 5 |   |
+---+---+---+---+---+---+---+---+---+
|   | 6 |   | 2 |   | 1 |   | 9 |   |
+---+---+---+---+---+---+---+---+---+
|   | 3 |   |   |   |   |   |   | 8 |
+---+---+---+---+---+---+---+---+---+
| 6 |   |   | 1 | 8 |   | 7 |   |   |
+---+---+---+---+---+---+---+---+---+
|   |   |   | 6 |   | 4 |   | 3 |   |
+---+---+---+---+---+---+---+---+---+
|   |   |   |   | 2 | 3 |   | 8 | 4 |
+---+---+---+---+---+---+---+---+---+

Id: 99d16dae974a
Difficulty: 5.8
