+---+---+---+---+---+---+---+---+---+
|   |   |   |   |   | 7 |   |   |   |
+---+---+---+---+---+---+---+---+---+
|   |   | 8 | 2 |   |   | 7 |   | 5 |
+---+---+---+---+---+---+---+---+---+
|   | 6 | 2 |   |   |   | 9 | 8 |   |
+---+---+---+---+---+---+---+---+---+
| 2 |   | 7 | 1 |   |   | 8 |   |   |
+---+---+---+---+---+---+---+---+---+
|   |   |   |   | 3 |   |   |   |   |
+---+---+---+---+---+---+---+---+---+
|   |   | 5 |   |   | 9 | 3 |   | 6 |
+---+---+---+---+---+---+---+---+---+
|   | 7 | 6 |   |   |   | 1 | 9 |   |
+---+---+---+---+---+---+---+---+---+
| 3 |   | 9 |   |   | 4 | 2 |   |   |
+---+---+---+---+---+---+---+---+---+
|   |   |   | 6 |   |   |   |   |   |
+---+---+---+---+---+---+---+---+---+

Id: 797848d53479
Difficulty: 6.4
