+---+---+---+---+---+---+---+---+---+
| 4 |   | 7 | 9 |   | 6 |   |   | 8 |
+---+---+---+---+---+---+---+---+---+
|   | 3 | 9 |   | 8 |   |   | 4 |   |
+---+---+---+---+---+---+---+---+---+
|   |   |   | 3 |   |   |   |   |   |
+---+---+---+---+---+---+---+---+---+
|   |   | 4 |   |   | 9 |   | 2 | 3 |
+---+---+---+---+---+---+---+---+---+
| 3 |   |   |   |   |   |   |   | 7 |
+---+---+---+---+---+---+---+---+---+
| 2 | 6 |   | 7 |   |   | 4 |   |   |
+---+---+---+---+---+---+---+---+---+
|   |   |   |   |   | 5 |   |   |   |
+---+---+---+---+---+---+---+---+---+
|   | 4 |   |   | 9 |   | 5 | 1 |   |
+---+---+---+---+---+---+---+---+---+
| 1 |   |   | 4 |   | 8 | 9 |   | 6 |
+---+---+---+---+---+---+---+---+---+

Id: b2f5c956cd4e
Difficulty: 6.4
