+---+---+---+---+---+---+---+---+---+
|   |   |   |   | 5 |   |   |   |   |
+---+---+---+---+---+---+---+---+---+
| 6 | 5 |   | 7 |   | 4 |   |   | 3 |
+---+---+---+---+---+---+---+---+---+
| 4 | 3 | 7 | 8 | 9 |   |   |   |   |
+---+---+---+---+---+---+---+---+---+
|   | 6 |   | 9 |   |   |   |   | 7 |
+---+---+---+---+---+---+---+---+---+
|   | 9 |   |   | 6 |   |   | 5 |   |
+---+---+---+---+---+---+---+---+---+
| 1 |   |   |   |   | 5 |   | 9 |   |
+---+---+---+---+---+---+---+---+---+
|   |   |   |   | 3 | 1 | 8 | 2 | 5 |
+---+---+---+---+---+---+---+---+---+
| 8 |   |   | 4 |   | 9 |   | 3 | 6 |
+---+---+---+---+---+---+---+---+---+
|   |   |   |   | 8 |   |   |   |   |
+---+---+---+---+---+---+---+---+---+

Id: 5aef6018a6fb
Difficulty: 6.7
