+---+---+---+---+---+---+---+---+---+
| 1 |   | 6 |   |   | 9 |   |   | 7 |
+---+---+---+---+---+---+---+---+---+
|   |   | 5 |   | 7 |   |   |   |   |
+---+---+---+---+---+---+---+---+---+
|   |   |   |   | 4 |   |   | 6 | 5 |
+---+---+---+---+---+---+---+---+---+
| 2 |   |   | 6 | 3 | 7 |   |   |   |
+---+---+---+---+---+---+---+---+---+
|   | 3 | 7 | 5 |   | 1 | 4 | 2 |   |
+---+---+---+---+---+---+---+---+---+
|   |   |   | 9 | 2 | 4 |   |   | 6 |
+---+---+---+---+---+---+---+---+---+
| 7 | 1 |   |   | 6 |   |   |   |   |
+---+---+---+---+---+---+---+---+---+
|   |   |   |   | 1 |   | 5 |   |   |
+---+---+---+---+---+---+---+---+---+
| 3 |   |   | 7 |   |   | 6 |   | 1 |
+---+---+---+---+---+---+---+---+---+

Id: 6d21ec248500
Difficulty: 6.7
