+---+---+---+---+---+---+---+---+---+
| 4 |   | 8 |   |   |   | 9 |   | 5 |
+---+---+---+---+---+---+---+---+---+
|   | 3 |   | 9 |   | 5 |   | 4 |   |
+---+---+---+---+---+---+---+---+---+
|   | 5 | 9 |   |   |   | 7 | 8 |   |
+---+---+---+---+---+---+---+---+---+
|   | 4 | 1 | 7 |   | 8 | 5 | 9 |   |
+---+---+---+---+---+---+---+---+---+
|   |   | 3 |   |   |   | 4 |   |   |
+---+---+---+---+---+---+---+---+---+
|   | 7 |   |   | 6 |   |   | 3 |   |
+---+---+---+---+---+---+---+---+---+
|   |   | 4 | 6 |   | 2 | 3 |   |   |
+---+---+---+---+---+---+---+---+---+
|   |   |   |   | 4 |   |   |   |   |
+---+---+---+---+---+---+---+---+---+
|   | 9 |   | 8 |   | 7 |   | 2 |   |
+---+---+---+---+---+---+---+---+---+

Id: 78cdb113b92e
Difficulty: 7.4
