+---+---+---+---+---+---+---+---+---+
| 4 |   | 6 |   | 1 |   |   |   | 9 |
+---+---+---+---+---+---+---+---+---+
|   | 2 |   | 4 | 9 |   | 7 | 6 |   |
+---+---+---+---+---+---+---+---+---+
|   | 7 |   | 2 |   |   |   |   | 4 |
+---+---+---+---+---+---+---+---+---+
|   |   |   |   |   |   | 6 | 4 |   |
+---+---+---+---+---+---+---+---+---+
| 8 | 4 |   |   | 6 |   |   | 3 | 7 |
+---+---+---+---+---+---+---+---+---+
|   | 6 | 1 |   |   |   |   |   |   |
+---+---+---+---+---+---+---+---+---+
| 6 |   |   |   |   | 2 |   | 9 |   |
+---+---+---+---+---+---+---+---+---+
|   | 1 | 3 |   | 4 | 8 |   | 7 |   |
+---+---+---+---+---+---+---+---+---+
| 2 |   |   |   | 3 |   | 4 |   | 8 |
+---+---+---+---+---+---+---+---+---+

Id: 0dacc56351f6
Difficulty: 7.7
