+---+---+---+---+---+---+---+---+---+
|   |   |   |   | 7 |   |   |   |   |
+---+---+---+---+---+---+---+---+---+
| 2 |   |   | 8 |   | 6 |   |   | 1 |
+---+---+---+---+---+---+---+---+---+
|   | 7 |   | 9 |   | 2 |   | 8 |   |
+---+---+---+---+---+---+---+---+---+
|   | 3 |   | 6 |   | 8 |   | 1 |   |
+---+---+---+---+---+---+---+---+---+
| 8 | 1 |   |   |   |   |   | 6 | 2 |
+---+---+---+---+---+---+---+---+---+
|   | 2 |   |   | 1 |   |   | 7 |   |
+---+---+---+---+---+---+---+---+---+
|   | 6 |   | 5 |   | 7 |   | 3 |   |
+---+---+---+---+---+---+---+---+---+
| 7 | 8 |   | 1 |   | 3 |   | 2 | 9 |
+---+---+---+---+---+---+---+---+---+
|   |   |   |   |   |   |   |   |   |
+---+---+---+---+---+---+---+---+---+

Id: 84aee85d90b1
Difficulty: 8.1
