+---+---+---+---+---+---+---+---+---+
|   | 7 | 1 |   |   |   | 9 | 8 |   |
+---+---+---+---+---+---+---+---+---+
|   |   | 6 |   | 9 |   | 2 |   |   |
+---+---+---+---+---+---+---+---+---+
| 9 |   |   |   | 1 |   |   |   | 7 |
+---+---+---+---+---+---+---+---+---+
|   |   | 7 |   | 5 |   | 8 |   |   |
+---+---+---+---+---+---+---+---+---+
|   |   |   |   |   |   |   |   |   |
+---+---+---+---+---+---+---+---+---+
| 6 |   | 5 | 2 | 7 | 3 | 1 |   | 4 |
+---+---+---+---+---+---+---+---+---+
|   |   |   |   | 2 |   |   |   |   |
+---+---+---+---+---+---+---+---+---+
| 8 |   | 2 | 1 |   | 5 | 7 |   | 9 |
+---+---+---+---+---+---+---+---+---+
|   | 6 |   | 7 |   | 9 |   | 2 |   |
+---+---+---+---+---+---+---+---+---+

Id: e2539a32fc80
Difficulty: 9.2
