+---+---+---+---+---+---+---+---+---+
| 6 | 8 | 4 | 5 | 2 | 1 | 3 | 9 | 7 |
+---+---+---+---+---+---+---+---+---+
| 5 | 3 | 9 | 6 | 4 | 7 | 8 | 2 | 1 |
+---+---+---+---+---+---+---+---+---+
| 2 | 7 | 1 | 8 | 9 | 3 | 5 | 4 | 6 |
+---+---+---+---+---+---+---+---+---+
| 7 | 2 | 5 | 9 | 3 | 6 | 4 | 1 | 8 |
+---+---+---+---+---+---+---+---+---+
| 8 | 9 | 6 | 4 | 1 | 2 | 7 | 5 | 3 |
+---+---+---+---+---+---+---+---+---+
| 1 | 4 | 3 | 7 | 8 | 5 | 2 | 6 | 9 |
+---+---+---+---+---+---+---+---+---+
| 4 | 6 | 2 | 1 | 7 | 8 | 9 | 3 | 5 |
+---+---+---+---+---+---+---+---+---+
| 9 | 5 | 7 | 3 | 6 | 4 | 1 | 8 | 2 |
+---+---+---+---+---+---+---+---+---+
| 3 | 1 | 8 | 2 | 5 | 9 | 6 | 7 | 4 |
+---+---+---+---+---+---+---+---+---+

Id: 131c948cab9a
Difficulty: 1.2
