+---+---+---+---+---+---+---+---+---+
| 6 | 2 | 8 | 4 | 5 | 1 | 9 | 3 | 7 |
+---+---+---+---+---+---+---+---+---+
| 5 | 3 | 4 | 7 | 8 | 9 | 2 | 6 | 1 |
+---+---+---+---+---+---+---+---+---+
| 1 | 9 | 7 | 3 | 2 | 6 | 4 | 8 | 5 |
+---+---+---+---+---+---+---+---+---+
| 4 | 8 | 2 | 6 | 1 | 5 | 3 | 7 | 9 |
+---+---+---+---+---+---+---+---+---+
| 3 | 5 | 9 | 2 | 7 | 4 | 8 | 1 | 6 |
+---+---+---+---+---+---+---+---+---+
| 7 | 6 | 1 | 9 | 3 | 8 | 5 | 4 | 2 |
+---+---+---+---+---+---+---+---+---+
| 8 | 4 | 5 | 1 | 6 | 2 | 7 | 9 | 3 |
+---+---+---+---+---+---+---+---+---+
| 2 | 7 | 6 | 8 | 9 | 3 | 1 | 5 | 4 |
+---+---+---+---+---+---+---+---+---+
| 9 | 1 | 3 | 5 | 4 | 7 | 6 | 2 | 8 |
+---+---+---+---+---+---+---+---+---+

Id: 96488a08bd8c
Difficulty: 1.2
