+---+---+---+---+---+---+---+---+---+
| 2 | 8 | 3 | 4 | 6 | 7 | 1 | 9 | 5 |
+---+---+---+---+---+---+---+---+---+
| 6 | 5 | 9 | 8 | 1 | 3 | 4 | 2 | 7 |
+---+---+---+---+---+---+---+---+---+
| 4 | 7 | 1 | 9 | 2 | 5 | 8 | 6 | 3 |
+---+---+---+---+---+---+---+---+---+
| 5 | 1 | 4 | 3 | 9 | 8 | 2 | 7 | 6 |
+---+---+---+---+---+---+---+---+---+
| 7 | 6 | 2 | 5 | 4 | 1 | 3 | 8 | 9 |
+---+---+---+---+---+---+---+---+---+
| 9 | 3 | 8 | 6 | 7 | 2 | 5 | 4 | 1 |
+---+---+---+---+---+---+---+---+---+
| 1 | 9 | 7 | 2 | 3 | 4 | 6 | 5 | 8 |
+---+---+---+---+---+---+---+---+---+
| 3 | 4 | 5 | 7 | 8 | 6 | 9 | 1 | 2 |
+---+---+---+---+---+---+---+---+---+
| 8 | 2 | 6 | 1 | 5 | 9 | 7 | 3 | 4 |
+---+---+---+---+---+---+---+---+---+

Id: fe7d2b3d7130
Difficulty: 1.2
