+---+---+---+---+---+---+---+---+---+
| 5 | 9 | 8 | 4 | 3 | 6 | 2 | 7 | 1 |
+---+---+---+---+---+---+---+---+---+
| 7 | 3 | 4 | 9 | 1 | 2 | 5 | 6 | 8 |
+---+---+---+---+---+---+---+---+---+
| 6 | 2 | 1 | 5 | 7 | 8 | 3 | 9 | 4 |
+---+---+---+---+---+---+---+---+---+
| 4 | 7 | 2 | 1 | 6 | 5 | 8 | 3 | 9 |
+---+---+---+---+---+---+---+---+---+
| 8 | 6 | 3 | 2 | 9 | 4 | 7 | 1 | 5 |
+---+---+---+---+---+---+---+---+---+
| 1 | 5 | 9 | 7 | 8 | 3 | 6 | 4 | 2 |
+---+---+---+---+---+---+---+---+---+
| 3 | 8 | 5 | 6 | 4 | 1 | 9 | 2 | 7 |
+---+---+---+---+---+---+---+---+---+
| 2 | 4 | 7 | 3 | 5 | 9 | 1 | 8 | 6 |
+---+---+---+---+---+---+---+---+---+
| 9 | 1 | 6 | 8 | 2 | 7 | 4 | 5 | 3 |
+---+---+---+---+---+---+---+---+---+

Id: e2186bef55b1
Difficulty: 1.2
