+---+---+---+---+---+---+---+---+---+
| 5 | 3 | 1 | 8 | 2 | 9 | 4 | 7 | 6 |
+---+---+---+---+---+---+---+---+---+
| 9 | 2 | 4 | 7 | 1 | 6 | 8 | 3 | 5 |
+---+---+---+---+---+---+---+---+---+
| 8 | 7 | 6 | 3 | 5 | 4 | 9 | 2 | 1 |
+---+---+---+---+---+---+---+---+---+
| 3 | 5 | 9 | 2 | 7 | 1 | 6 | 4 | 8 |
+---+---+---+---+---+---+---+---+---+
| 7 | 6 | 2 | 4 | 9 | 8 | 1 | 5 | 3 |
+---+---+---+---+---+---+---+---+---+
| 1 | 4 | 8 | 5 | 6 | 3 | 7 | 9 | 2 |
+---+---+---+---+---+---+---+---+---+
| 2 | 9 | 5 | 6 | 8 | 7 | 3 | 1 | 4 |
+---+---+---+---+---+---+---+---+---+
| 6 | 1 | 3 | 9 | 4 | 2 | 5 | 8 | 7 |
+---+---+---+---+---+---+---+---+---+
| 4 | 8 | 7 | 1 | 3 | 5 | 2 | 6 | 9 |
+---+---+---+---+---+---+---+---+---+

Id: 7137c51e8219
Difficulty: 1.2
