+---+---+---+---+---+---+---+---+---+
| 1 | 7 | 8 | 5 | 4 | 6 | 2 | 3 | 9 |
+---+---+---+---+---+---+---+---+---+
| 5 | 6 | 3 | 9 | 1 | 2 | 4 | 7 | 8 |
+---+---+---+---+---+---+---+---+---+
| 9 | 2 | 4 | 7 | 3 | 8 | 1 | 5 | 6 |
+---+---+---+---+---+---+---+---+---+
| 8 | 9 | 1 | 4 | 7 | 3 | 6 | 2 | 5 |
+---+---+---+---+---+---+---+---+---+
| 3 | 4 | 2 | 6 | 9 | 5 | 7 | 8 | 1 |
+---+---+---+---+---+---+---+---+---+
| 7 | 5 | 6 | 8 | 2 | 1 | 9 | 4 | 3 |
+---+---+---+---+---+---+---+---+---+
| 6 | 1 | 7 | 3 | 8 | 4 | 5 | 9 | 2 |
+---+---+---+---+---+---+---+---+---+
| 4 | 8 | 5 | 2 | 6 | 9 | 3 | 1 | 7 |
+---+---+---+---+---+---+---+---+---+
| 2 | 3 | 9 | 1 | 5 | 7 | 8 | 6 | 4 |
+---+---+---+---+---+---+---+---+---+

Id: 8f12db04cce6
Difficulty: 1.2
