+---+---+---+---+---+---+---+---+---+
| 2 | 5 | 1 | 8 | 3 | 4 | 9 | 7 | 6 |
+---+---+---+---+---+---+---+---+---+
| 8 | 6 | 4 | 1 | 7 | 9 | 2 | 3 | 5 |
+---+---+---+---+---+---+---+---+---+
| 7 | 3 | 9 | 6 | 2 | 5 | 4 | 8 | 1 |
+---+---+---+---+---+---+---+---+---+
| 9 | 7 | 5 | 2 | 6 | 8 | 1 | 4 | 3 |
+---+---+---+---+---+---+---+---+---+
| 4 | 2 | 3 | 7 | 5 | 1 | 8 | 6 | 9 |
+---+---+---+---+---+---+---+---+---+
| 1 | 8 | 6 | 4 | 9 | 3 | 5 | 2 | 7 |
+---+---+---+---+---+---+---+---+---+
| 5 | 4 | 7 | 9 | 8 | 6 | 3 | 1 | 2 |
+---+---+---+---+---+---+---+---+---+
| 6 | 9 | 8 | 3 | 1 | 2 | 7 | 5 | 4 |
+---+---+---+---+---+---+---+---+---+
| 3 | 1 | 2 | 5 | 4 | 7 | 6 | 9 | 8 |
+---+---+---+---+---+---+---+---+---+

Id: b8aa8b182974
Difficulty: 1.2
