+---+---+---+---+---+---+---+---+---+
| 6 | 4 | 7 | 3 | 2 | 8 | 1 | 9 | 5 |
+---+---+---+---+---+---+---+---+---+
| 2 | 9 | 3 | 5 | 1 | 7 | 6 | 8 | 4 |
+---+---+---+---+---+---+---+---+---+
| 8 | 1 | 5 | 4 | 6 | 9 | 7 | 3 | 2 |
+---+---+---+---+---+---+---+---+---+
| 1 | 2 | 8 | 9 | 7 | 3 | 5 | 4 | 6 |
+---+---+---+---+---+---+---+---+---+
| 3 | 7 | 9 | 6 | 5 | 4 | 8 | 2 | 1 |
+---+---+---+---+---+---+---+---+---+
| 5 | 6 | 4 | 2 | 8 | 1 | 3 | 7 | 9 |
+---+---+---+---+---+---+---+---+---+
| 4 | 8 | 6 | 1 | 3 | 2 | 9 | 5 | 7 |
+---+---+---+---+---+---+---+---+---+
| 9 | 3 | 1 | 7 | 4 | 5 | 2 | 6 | 8 |
+---+---+---+---+---+---+---+---+---+
| 7 | 5 | 2 | 8 | 9 | 6 | 4 | 1 | 3 |
+---+---+---+---+---+---+---+---+---+

Id: c66014e56dc9
Difficulty: 1.2
