+---+---+---+---+---+---+---+---+---+
| 9 | 5 | 3 | 4 | 2 | 1 | 8 | 6 | 7 |
+---+---+---+---+---+---+---+---+---+
| 4 | 1 | 7 | 6 | 3 | 8 | 2 | 5 | 9 |
+---+---+---+---+---+---+---+---+---+
| 2 | 6 | 8 | 7 | 9 | 5 | 4 | 1 | 3 |
+---+---+---+---+---+---+---+---+---+
| 1 | 4 | 2 | 8 | 7 | 9 | 5 | 3 | 6 |
+---+---+---+---+---+---+---+---+---+
| 6 | 7 | 5 | 3 | 1 | 2 | 9 | 4 | 8 |
+---+---+---+---+---+---+---+---+---+
| 3 | 8 | 9 | 5 | 4 | 6 | 7 | 2 | 1 |
+---+---+---+---+---+---+---+---+---+
| 8 | 2 | 1 | 9 | 6 | 4 | 3 | 7 | 5 |
+---+---+---+---+---+---+---+---+---+
| 7 | 9 | 4 | 1 | 5 | 3 | 6 | 8 | 2 |
+---+---+---+---+---+---+---+---+---+
| 5 | 3 | 6 | 2 | 8 | 7 | 1 | 9 | 4 |
+---+---+---+---+---+---+---+---+---+

Id: 4d1b41e6e1db
Difficulty: 1.2
