+---+---+---+---+---+---+---+---+---+
| 5 | 4 | 8 | 6 | 9 | 1 | 3 | 7 | 2 |
+---+---+---+---+---+---+---+---+---+
| 3 | 1 | 2 | 8 | 7 | 5 | 9 | 4 | 6 |
+---+---+---+---+---+---+---+---+---+
| 7 | 9 | 6 | 2 | 4 | 3 | 5 | 1 | 8 |
+---+---+---+---+---+---+---+---+---+
| 1 | 7 | 5 | 4 | 3 | 2 | 8 | 6 | 9 |
+---+---+---+---+---+---+---+---+---+
| 8 | 2 | 4 | 7 | 6 | 9 | 1 | 3 | 5 |
+---+---+---+---+---+---+---+---+---+
| 9 | 6 | 3 | 1 | 5 | 8 | 7 | 2 | 4 |
+---+---+---+---+---+---+---+---+---+
| 6 | 5 | 9 | 3 | 1 | 4 | 2 | 8 | 7 |
+---+---+---+---+---+---+---+---+---+
| 2 | 3 | 7 | 9 | 8 | 6 | 4 | 5 | 1 |
+---+---+---+---+---+---+---+---+---+
| 4 | 8 | 1 | 5 | 2 | 7 | 6 | 9 | 3 |
+---+---+---+---+---+---+---+---+---+

Id: 53622b138dd0
Difficulty: 1.2
