+---+---+---+---+---+---+---+---+---+
| 9 | 7 | 1 | 5 | 8 | 3 | 2 | 6 | 4 |
+---+---+---+---+---+---+---+---+---+
| 3 | 8 | 4 | 6 | 2 | 7 | 5 | 1 | 9 |
+---+---+---+---+---+---+---+---+---+
| 6 | 2 | 5 | 4 | 9 | 1 | 7 | 3 | 8 |
+---+---+---+---+---+---+---+---+---+
| 8 | 6 | 7 | 3 | 4 | 2 | 9 | 5 | 1 |
+---+---+---+---+---+---+---+---+---+
| 4 | 5 | 2 | 1 | 6 | 9 | 3 | 8 | 7 |
+---+---+---+---+---+---+---+---+---+
| 1 | 3 | 9 | 7 | 5 | 8 | 4 | 2 | 6 |
+---+---+---+---+---+---+---+---+---+
| 2 | 1 | 8 | 9 | 7 | 5 | 6 | 4 | 3 |
+---+---+---+---+---+---+---+---+---+
| 5 | 9 | 6 | 8 | 3 | 4 | 1 | 7 | 2 |
+---+---+---+---+---+---+---+---+---+
| 7 | 4 | 3 | 2 | 1 | 6 | 8 | 9 | 5 |
+---+---+---+---+---+---+---+---+---+

Id: 7c6fb4511c65
Difficulty: 1.2
