+---+---+---+---+---+---+---+---+---+
| 7 | 2 | 1 | 6 | 5 | 4 | 9 | 3 | 8 |
+---+---+---+---+---+---+---+---+---+
| 8 | 9 | 6 | 7 | 3 | 1 | 5 | 2 | 4 |
+---+---+---+---+---+---+---+---+---+
| 5 | 3 | 4 | 2 | 8 | 9 | 6 | 1 | 7 |
+---+---+---+---+---+---+---+---+---+
| 2 | 6 | 7 | 3 | 4 | 8 | 1 | 5 | 9 |
+---+---+---+---+---+---+---+---+---+
| 1 | 4 | 9 | 5 | 6 | 7 | 3 | 8 | 2 |
+---+---+---+---+---+---+---+---+---+
| 3 | 8 | 5 | 9 | 1 | 2 | 4 | 7 | 6 |
+---+---+---+---+---+---+---+---+---+
| 9 | 5 | 8 | 1 | 2 | 6 | 7 | 4 | 3 |
+---+---+---+---+---+---+---+---+---+
| 4 | 7 | 3 | 8 | 9 | 5 | 2 | 6 | 1 |
+---+---+---+---+---+---+---+---+---+
| 6 | 1 | 2 | 4 | 7 | 3 | 8 | 9 | 5 |
+---+---+---+---+---+---+---+---+---+

Id: 1c5434b16d5e
Difficulty: 1.2
