+---+---+---+---+---+---+---+---+---+
| 4 | 6 | 1 | 8 | 2 | 5 | 7 | 9 | 3 |
+---+---+---+---+---+---+---+---+---+
| 8 | 9 | 7 | 3 | 6 | 1 | 2 | 5 | 4 |
+---+---+---+---+---+---+---+---+---+
| 5 | 3 | 2 | 9 | 4 | 7 | 6 | 8 | 1 |
+---+---+---+---+---+---+---+---+---+
| 2 | 8 | 3 | 1 | 5 | 6 | 4 | 7 | 9 |
+---+---+---+---+---+---+---+---+---+
| 6 | 7 | 9 | 4 | 3 | 2 | 8 | 1 | 5 |
+---+---+---+---+---+---+---+---+---+
| 1 | 5 | 4 | 7 | 8 | 9 | 3 | 2 | 6 |
+---+---+---+---+---+---+---+---+---+
| 9 | 2 | 6 | 5 | 7 | 4 | 1 | 3 | 8 |
+---+---+---+---+---+---+---+---+---+
| 3 | 4 | 5 | 2 | 1 | 8 | 9 | 6 | 7 |
+---+---+---+---+---+---+---+---+---+
| 7 | 1 | 8 | 6 | 9 | 3 | 5 | 4 | 2 |
+---+---+---+---+---+---+---+---+---+

Id: 2f29acd309d1
Difficulty: 1.2
