+---+---+---+---+---+---+---+---+---+
| 6 | 7 | 1 | 9 | 3 | 2 | 4 | 5 | 8 |
+---+---+---+---+---+---+---+---+---+
| 5 | 2 | 9 | 6 | 4 | 8 | 7 | 3 | 1 |
+---+---+---+---+---+---+---+---+---+
| 3 | 4 | 8 | 5 | 7 | 1 | 6 | 2 | 9 |
+---+---+---+---+---+---+---+---+---+
| 7 | 1 | 3 | 4 | 2 | 9 | 5 | 8 | 6 |
+---+---+---+---+---+---+---+---+---+
| 4 | 8 | 5 | 7 | 1 | 6 | 2 | 9 | 3 |
+---+---+---+---+---+---+---+---+---+
| 2 | 9 | 6 | 8 | 5 | 3 | 1 | 4 | 7 |
+---+---+---+---+---+---+---+---+---+
| 8 | 6 | 2 | 1 | 9 | 4 | 3 | 7 | 5 |
+---+---+---+---+---+---+---+---+---+
| 9 | 5 | 4 | 3 | 6 | 7 | 8 | 1 | 2 |
+---+---+---+---+---+---+---+---+---+
| 1 | 3 | 7 | 2 | 8 | 5 | 9 | 6 | 4 |
+---+---+---+---+---+---+---+---+---+

Id: c2b8c2fbe2ff
Difficulty: 1.2
