+---+---+---+---+---+---+---+---+---+
| 3 | 8 | 9 | 4 | 5 | 1 | 7 | 2 | 6 |
+---+---+---+---+---+---+---+---+---+
| 6 | 5 | 1 | 7 | 8 | 2 | 3 | 9 | 4 |
+---+---+---+---+---+---+---+---+---+
| 7 | 2 | 4 | 3 | 9 | 6 | 5 | 8 | 1 |
+---+---+---+---+---+---+---+---+---+
| 2 | 7 | 3 | 6 | 4 | 5 | 9 | 1 | 8 |
+---+---+---+---+---+---+---+---+---+
| 4 | 1 | 8 | 9 | 7 | 3 | 2 | 6 | 5 |
+---+---+---+---+---+---+---+---+---+
| 5 | 9 | 6 | 1 | 2 | 8 | 4 | 7 | 3 |
+---+---+---+---+---+---+---+---+---+
| 8 | 4 | 2 | 5 | 1 | 9 | 6 | 3 | 7 |
+---+---+---+---+---+---+---+---+---+
| 9 | 3 | 7 | 8 | 6 | 4 | 1 | 5 | 2 |
+---+---+---+---+---+---+---+---+---+
| 1 | 6 | 5 | 2 | 3 | 7 | 8 | 4 | 9 |
+---+---+---+---+---+---+---+---+---+

Id: 9eb3af6512ad
Difficulty: 1.2
