+---+---+---+---+---+---+---+---+---+
| 7 | 1 | 8 | 5 | 9 | 2 | 4 | 6 | 3 |
+---+---+---+---+---+---+---+---+---+
| 2 | 5 | 9 | 3 | 4 | 6 | 8 | 1 | 7 |
+---+---+---+---+---+---+---+---+---+
| 3 | 4 | 6 | 7 | 8 | 1 | 2 | 5 | 9 |
+---+---+---+---+---+---+---+---+---+
| 4 | 9 | 2 | 8 | 5 | 7 | 6 | 3 | 1 |
+---+---+---+---+---+---+---+---+---+
| 6 | 3 | 5 | 2 | 1 | 9 | 7 | 4 | 8 |
+---+---+---+---+---+---+---+---+---+
| 1 | 8 | 7 | 6 | 3 | 4 | 5 | 9 | 2 |
+---+---+---+---+---+---+---+---+---+
| 9 | 2 | 4 | 1 | 7 | 5 | 3 | 8 | 6 |
+---+---+---+---+---+---+---+---+---+
| 5 | 6 | 3 | 9 | 2 | 8 | 1 | 7 | 4 |
+---+---+---+---+---+---+---+---+---+
| 8 | 7 | 1 | 4 | 6 | 3 | 9 | 2 | 5 |
+---+---+---+---+---+---+---+---+---+

Id: 2a937960bbc0
Difficulty: 1.2
