+---+---+---+---+---+---+---+---+---+
| 6 | 8 | 9 | 5 | 4 | 1 | 7 | 2 | 3 |
+---+---+---+---+---+---+---+---+---+
| 1 | 4 | 5 | 7 | 2 | 3 | 8 | 9 | 6 |
+---+---+---+---+---+---+---+---+---+
| 3 | 7 | 2 | 6 | 8 | 9 | 1 | 5 | 4 |
+---+---+---+---+---+---+---+---+---+
| 2 | 5 | 7 | 9 | 3 | 4 | 6 | 8 | 1 |
+---+---+---+---+---+---+---+---+---+
| 9 | 6 | 4 | 8 | 1 | 7 | 2 | 3 | 5 |
+---+---+---+---+---+---+---+---+---+
| 8 | 3 | 1 | 2 | 6 | 5 | 9 | 4 | 7 |
+---+---+---+---+---+---+---+---+---+
| 4 | 9 | 6 | 3 | 7 | 2 | 5 | 1 | 8 |
+---+---+---+---+---+---+---+---+---+
| 7 | 2 | 3 | 1 | 5 | 8 | 4 | 6 | 9 |
+---+---+---+---+---+---+---+---+---+
| 5 | 1 | 8 | 4 | 9 | 6 | 3 | 7 | 2 |
+---+---+---+---+---+---+---+---+---+

Id: 38f6a91ec283
Difficulty: 1.2
