+---+---+---+---+---+---+---+---+---+
| 6 | 2 | 8 | 1 | 5 | 3 | 4 | 9 | 7 |
+---+---+---+---+---+---+---+---+---+
| 4 | 3 | 7 | 9 | 8 | 6 | 2 | 5 | 1 |
+---+---+---+---+---+---+---+---+---+
| 5 | 9 | 1 | 7 | 4 | 2 | 6 | 3 | 8 |
+---+---+---+---+---+---+---+---+---+
| 9 | 8 | 6 | 4 | 1 | 5 | 3 | 7 | 2 |
+---+---+---+---+---+---+---+---+---+
| 1 | 5 | 2 | 3 | 6 | 7 | 9 | 8 | 4 |
+---+---+---+---+---+---+---+---+---+
| 3 | 7 | 4 | 8 | 2 | 9 | 5 | 1 | 6 |
+---+---+---+---+---+---+---+---+---+
| 8 | 4 | 3 | 6 | 9 | 1 | 7 | 2 | 5 |
+---+---+---+---+---+---+---+---+---+
| 2 | 6 | 9 | 5 | 7 | 8 | 1 | 4 | 3 |
+---+---+---+---+---+---+---+---+---+
| 7 | 1 | 5 | 2 | 3 | 4 | 8 | 6 | 9 |
+---+---+---+---+---+---+---+---+---+

Id: 1e11ed982aa9
Difficulty: 1.2
