+---+---+---+---+---+---+---+---+---+
| 4 | 3 | 2 | 1 | 8 | 5 | 6 | 9 | 7 |
+---+---+---+---+---+---+---+---+---+
| 8 | 1 | 9 | 4 | 6 | 7 | 5 | 3 | 2 |
+---+---+---+---+---+---+---+---+---+
| 5 | 7 | 6 | 3 | 2 | 9 | 1 | 8 | 4 |
+---+---+---+---+---+---+---+---+---+
| 6 | 4 | 8 | 5 | 9 | 1 | 2 | 7 | 3 |
+---+---+---+---+---+---+---+---+---+
| 7 | 9 | 1 | 8 | 3 | 2 | 4 | 6 | 5 |
+---+---+---+---+---+---+---+---+---+
| 3 | 2 | 5 | 6 | 7 | 4 | 9 | 1 | 8 |
+---+---+---+---+---+---+---+---+---+
| 9 | 8 | 3 | 2 | 5 | 6 | 7 | 4 | 1 |
+---+---+---+---+---+---+---+---+---+
| 1 | 5 | 7 | 9 | 4 | 3 | 8 | 2 | 6 |
+---+---+---+---+---+---+---+---+---+
| 2 | 6 | 4 | 7 | 1 | 8 | 3 | 5 | 9 |
+---+---+---+---+---+---+---+---+---+

Id: 6f505b1c6636
Difficulty: 1.2
