+---+---+---+---+---+---+---+---+---+
| 4 | 3 | 1 | 7 | 2 | 5 | 6 | 8 | 9 |
+---+---+---+---+---+---+---+---+---+
| 8 | 7 | 5 | 9 | 6 | 3 | 4 | 1 | 2 |
+---+---+---+---+---+---+---+---+---+
| 6 | 9 | 2 | 4 | 1 | 8 | 7 | 5 | 3 |
+---+---+---+---+---+---+---+---+---+
| 7 | 2 | 3 | 6 | 8 | 4 | 1 | 9 | 5 |
+---+---+---+---+---+---+---+---+---+
| 9 | 6 | 8 | 1 | 5 | 2 | 3 | 4 | 7 |
+---+---+---+---+---+---+---+---+---+
| 5 | 1 | 4 | 3 | 9 | 7 | 2 | 6 | 8 |
+---+---+---+---+---+---+---+---+---+
| 2 | 4 | 9 | 8 | 7 | 1 | 5 | 3 | 6 |
+---+---+---+---+---+---+---+---+---+
| 3 | 5 | 6 | 2 | 4 | 9 | 8 | 7 | 1 |
+---+---+---+---+---+---+---+---+---+
| 1 | 8 | 7 | 5 | 3 | 6 | 9 | 2 | 4 |
+---+---+---+---+---+---+---+---+---+

Id: 7ebebb3321ff
Difficulty: 1.2
