+---+---+---+---+---+---+---+---+---+
| 1 | 5 | 9 | 4 | 7 | 2 | 3 | 6 | 8 |
+---+---+---+---+---+---+---+---+---+
| 6 | 7 | 8 | 5 | 1 | 3 | 4 | 2 | 9 |
+---+---+---+---+---+---+---+---+---+
| 3 | 4 | 2 | 6 | 9 | 8 | 1 | 5 | 7 |
+---+---+---+---+---+---+---+---+---+
| 8 | 1 | 5 | 7 | 3 | 6 | 2 | 9 | 4 |
+---+---+---+---+---+---+---+---+---+
| 2 | 3 | 6 | 9 | 5 | 4 | 7 | 8 | 1 |
+---+---+---+---+---+---+---+---+---+
| 4 | 9 | 7 | 8 | 2 | 1 | 6 | 3 | 5 |
+---+---+---+---+---+---+---+---+---+
| 5 | 6 | 1 | 3 | 4 | 9 | 8 | 7 | 2 |
+---+---+---+---+---+---+---+---+---+
| 7 | 8 | 4 | 2 | 6 | 5 | 9 | 1 | 3 |
+---+---+---+---+---+---+---+---+---+
| 9 | 2 | 3 | 1 | 8 | 7 | 5 | 4 | 6 |
+---+---+---+---+---+---+---+---+---+

Id: e2d2af102f12
Difficulty: 1.2
