+---+---+---+---+---+---+---+---+---+
| 2 | 3 | 5 | 4 | 6 | 1 | 8 | 7 | 9 |
+---+---+---+---+---+---+---+---+---+
| 7 | 9 | 6 | 8 | 5 | 3 | 2 | 1 | 4 |
+---+---+---+---+---+---+---+---+---+
| 4 | 1 | 8 | 7 | 2 | 9 | 3 | 5 | 6 |
+---+---+---+---+---+---+---+---+---+
| 3 | 2 | 4 | 5 | 1 | 6 | 7 | 9 | 8 |
+---+---+---+---+---+---+---+---+---+
| 9 | 8 | 1 | 3 | 7 | 4 | 5 | 6 | 2 |
+---+---+---+---+---+---+---+---+---+
| 6 | 5 | 7 | 9 | 8 | 2 | 1 | 4 | 3 |
+---+---+---+---+---+---+---+---+---+
| 1 | 6 | 9 | 2 | 3 | 7 | 4 | 8 | 5 |
+---+---+---+---+---+---+---+---+---+
| 5 | 7 | 3 | 6 | 4 | 8 | 9 | 2 | 1 |
+---+---+---+---+---+---+---+---+---+
| 8 | 4 | 2 | 1 | 9 | 5 | 6 | 3 | 7 |
+---+---+---+---+---+---+---+---+---+

Id: 0d133b4b7a00
Difficulty: 1.2
