+---+---+---+---+---+---+---+---+---+
| 1 | 2 | 6 | 7 | 3 | 8 | 4 | 9 | 5 |
+---+---+---+---+---+---+---+---+---+
| 8 | 4 | 9 | 5 | 1 | 2 | 6 | 7 | 3 |
+---+---+---+---+---+---+---+---+---+
| 5 | 3 | 7 | 9 | 4 | 6 | 1 | 8 | 2 |
+---+---+---+---+---+---+---+---+---+
| 7 | 9 | 2 | 4 | 5 | 3 | 8 | 6 | 1 |
+---+---+---+---+---+---+---+---+---+
| 6 | 1 | 4 | 2 | 8 | 7 | 3 | 5 | 9 |
+---+---+---+---+---+---+---+---+---+
| 3 | 5 | 8 | 1 | 6 | 9 | 7 | 2 | 4 |
+---+---+---+---+---+---+---+---+---+
| 4 | 6 | 3 | 8 | 2 | 5 | 9 | 1 | 7 |
+---+---+---+---+---+---+---+---+---+
| 2 | 7 | 1 | 6 | 9 | 4 | 5 | 3 | 8 |
+---+---+---+---+---+---+---+---+---+
| 9 | 8 | 5 | 3 | 7 | 1 | 2 | 4 | 6 |
+---+---+---+---+---+---+---+---+---+

Id: 4dfee29d05e8
Difficulty: 1.2
