+---+---+---+---+---+---+---+---+---+
| 1 | 5 | 4 | 2 | 6 | 3 | 7 | 9 | 8 |
+---+---+---+---+---+---+---+---+---+
| 3 | 7 | 9 | 5 | 8 | 1 | 4 | 6 | 2 |
+---+---+---+---+---+---+---+---+---+
| 8 | 6 | 2 | 9 | 4 | 7 | 1 | 3 | 5 |
+---+---+---+---+---+---+---+---+---+
| 7 | 3 | 8 | 4 | 1 | 5 | 9 | 2 | 6 |
+---+---+---+---+---+---+---+---+---+
| 6 | 4 | 5 | 7 | 2 | 9 | 8 | 1 | 3 |
+---+---+---+---+---+---+---+---+---+
| 2 | 9 | 1 | 8 | 3 | 6 | 5 | 4 | 7 |
+---+---+---+---+---+---+---+---+---+
| 5 | 2 | 7 | 6 | 9 | 4 | 3 | 8 | 1 |
+---+---+---+---+---+---+---+---+---+
| 9 | 1 | 6 | 3 | 5 | 8 | 2 | 7 | 4 |
+---+---+---+---+---+---+---+---+---+
| 4 | 8 | 3 | 1 | 7 | 2 | 6 | 5 | 9 |
+---+---+---+---+---+---+---+---+---+

Id: 78fa6ce3f42d
Difficulty: 1.2
