+---+---+---+---+---+---+---+---+---+
| 2 | 3 | 8 | 1 | 9 | 6 | 4 | 7 | 5 |
+---+---+---+---+---+---+---+---+---+
| 6 | 1 | 5 | 7 | 3 | 4 | 8 | 2 | 9 |
+---+---+---+---+---+---+---+---+---+
| 4 | 9 | 7 | 5 | 2 | 8 | 1 | 3 | 6 |
+---+---+---+---+---+---+---+---+---+
| 3 | 7 | 2 | 9 | 4 | 5 | 6 | 1 | 8 |
+---+---+---+---+---+---+---+---+---+
| 9 | 8 | 1 | 2 | 6 | 7 | 5 | 4 | 3 |
+---+---+---+---+---+---+---+---+---+
| 5 | 6 | 4 | 8 | 1 | 3 | 2 | 9 | 7 |
+---+---+---+---+---+---+---+---+---+
| 7 | 2 | 6 | 3 | 5 | 1 | 9 | 8 | 4 |
+---+---+---+---+---+---+---+---+---+
| 1 | 4 | 3 | 6 | 8 | 9 | 7 | 5 | 2 |
+---+---+---+---+---+---+---+---+---+
| 8 | 5 | 9 | 4 | 7 | 2 | 3 | 6 | 1 |
+---+---+---+---+---+---+---+---+---+

Id: 2e4d71ffd1dd
Difficulty: 1.2
