+---+---+---+---+---+---+---+---+---+
| 6 | 1 | 3 | 4 | 2 | 9 | 7 | 5 | 8 |
+---+---+---+---+---+---+---+---+---+
| 8 | 4 | 2 | 5 | 7 | 1 | 6 | 3 | 9 |
+---+---+---+---+---+---+---+---+---+
| 5 | 7 | 9 | 6 | 8 | 3 | 4 | 1 | 2 |
+---+---+---+---+---+---+---+---+---+
| 2 | 5 | 1 | 8 | 9 | 7 | 3 | 4 | 6 |
+---+---+---+---+---+---+---+---+---+
| 7 | 8 | 4 | 3 | 6 | 5 | 9 | 2 | 1 |
+---+---+---+---+---+---+---+---+---+
| 3 | 9 | 6 | 1 | 4 | 2 | 8 | 7 | 5 |
+---+---+---+---+---+---+---+---+---+
| 4 | 2 | 7 | 9 | 5 | 8 | 1 | 6 | 3 |
+---+---+---+---+---+---+---+---+---+
| 1 | 6 | 8 | 2 | 3 | 4 | 5 | 9 | 7 |
+---+---+---+---+---+---+---+---+---+
| 9 | 3 | 5 | 7 | 1 | 6 | 2 | 8 | 4 |
+---+---+---+---+---+---+---+---+---+

Id: 6e53b1d6e9c8
Difficulty: 2.5
