+---+---+---+---+---+---+---+---+---+
| 9 | 3 | 6 | 8 | 2 | 7 | 1 | 5 | 4 |
+---+---+---+---+---+---+---+---+---+
| 4 | 5 | 1 | 6 | 3 | 9 | 8 | 2 | 7 |
+---+---+---+---+---+---+---+---+---+
| 7 | 8 | 2 | 4 | 1 | 5 | 9 | 6 | 3 |
+---+---+---+---+---+---+---+---+---+
| 8 | 6 | 3 | 2 | 7 | 4 | 5 | 1 | 9 |
+---+---+---+---+---+---+---+---+---+
| 5 | 9 | 7 | 1 | 6 | 8 | 3 | 4 | 2 |
+---+---+---+---+---+---+---+---+---+
| 2 | 1 | 4 | 5 | 9 | 3 | 7 | 8 | 6 |
+---+---+---+---+---+---+---+---+---+
| 6 | 2 | 9 | 7 | 5 | 1 | 4 | 3 | 8 |
+---+---+---+---+---+---+---+---+---+
| 1 | 7 | 8 | 3 | 4 | 6 | 2 | 9 | 5 |
+---+---+---+---+---+---+---+---+---+
| 3 | 4 | 5 | 9 | 8 | 2 | 6 | 7 | 1 |
+---+---+---+---+---+---+---+---+---+

Id: f0ea9db96b8d
Difficulty: 2.5
