+---+---+---+---+---+---+---+---+---+
| 9 | 5 | 8 | 4 | 3 | 1 | 7 | 2 | 6 |
+---+---+---+---+---+---+---+---+---+
| 1 | 3 | 2 | 6 | 5 | 7 | 4 | 9 | 8 |
+---+---+---+---+---+---+---+---+---+
| 4 | 7 | 6 | 2 | 8 | 9 | 3 | 1 | 5 |
+---+---+---+---+---+---+---+---+---+
| 8 | 1 | 5 | 3 | 9 | 2 | 6 | 4 | 7 |
+---+---+---+---+---+---+---+---+---+
| 6 | 4 | 9 | 1 | 7 | 5 | 2 | 8 | 3 |
+---+---+---+---+---+---+---+---+---+
| 7 | 2 | 3 | 8 | 6 | 4 | 9 | 5 | 1 |
+---+---+---+---+---+---+---+---+---+
| 5 | 6 | 1 | 9 | 2 | 3 | 8 | 7 | 4 |
+---+---+---+---+---+---+---+---+---+
| 2 | 8 | 4 | 7 | 1 | 6 | 5 | 3 | 9 |
+---+---+---+---+---+---+---+---+---+
| 3 | 9 | 7 | 5 | 4 | 8 | 1 | 6 | 2 |
+---+---+---+---+---+---+---+---+---+

Id: c84f3bf2ba01
Difficulty: 2.5
