+---+---+---+---+---+---+---+---+---+
| 5 | 4 | 8 | 2 | 3 | 6 | 9 | 7 | 1 |
+---+---+---+---+---+---+---+---+---+
| 2 | 7 | 9 | 4 | 8 | 1 | 5 | 6 | 3 |
+---+---+---+---+---+---+---+---+---+
| 6 | 1 | 3 | 9 | 7 | 5 | 8 | 2 | 4 |
+---+---+---+---+---+---+---+---+---+
| 4 | 6 | 7 | 8 | 9 | 3 | 1 | 5 | 2 |
+---+---+---+---+---+---+---+---+---+
| 9 | 3 | 5 | 1 | 2 | 4 | 7 | 8 | 6 |
+---+---+---+---+---+---+---+---+---+
| 8 | 2 | 1 | 6 | 5 | 7 | 3 | 4 | 9 |
+---+---+---+---+---+---+---+---+---+
| 7 | 9 | 6 | 3 | 4 | 8 | 2 | 1 | 5 |
+---+---+---+---+---+---+---+---+---+
| 3 | 5 | 4 | 7 | 1 | 2 | 6 | 9 | 8 |
+---+---+---+---+---+---+---+---+---+
| 1 | 8 | 2 | 5 | 6 | 9 | 4 | 3 | 7 |
+---+---+---+---+---+---+---+---+---+

Id: f6ce9a9c0b4c
Difficulty: 2.5
