+---+---+---+---+---+---+---+---+---+
| 4 | 7 | 5 | 3 | 9 | 1 | 8 | 6 | 2 |
+---+---+---+---+---+---+---+---+---+
| 2 | 8 | 1 | 5 | 4 | 6 | 3 | 9 | 7 |
+---+---+---+---+---+---+---+---+---+
| 3 | 6 | 9 | 7 | 2 | 8 | 1 | 4 | 5 |
+---+---+---+---+---+---+---+---+---+
| 5 | 1 | 4 | 2 | 7 | 3 | 9 | 8 | 6 |
+---+---+---+---+---+---+---+---+---+
| 7 | 9 | 3 | 6 | 8 | 4 | 2 | 5 | 1 |
+---+---+---+---+---+---+---+---+---+
| 8 | 2 | 6 | 9 | 1 | 5 | 7 | 3 | 4 |
+---+---+---+---+---+---+---+---+---+
| 9 | 3 | 2 | 4 | 6 | 7 | 5 | 1 | 8 |
+---+---+---+---+---+---+---+---+---+
| 1 | 4 | 7 | 8 | 5 | 9 | 6 | 2 | 3 |
+---+---+---+---+---+---+---+---+---+
| 6 | 5 | 8 | 1 | 3 | 2 | 4 | 7 | 9 |
+---+---+---+---+---+---+---+---+---+

Id: caab35871f7f
Difficulty: 2.6
