+---+---+---+---+---+---+---+---+---+
| 2 | 4 | 9 | 6 | 7 | 1 | 8 | 5 | 3 |
+---+---+---+---+---+---+---+---+---+
| 6 | 8 | 5 | 2 | 3 | 9 | 4 | 1 | 7 |
+---+---+---+---+---+---+---+---+---+
| 7 | 1 | 3 | 8 | 5 | 4 | 9 | 6 | 2 |
+---+---+---+---+---+---+---+---+---+
| 9 | 2 | 6 | 1 | 8 | 7 | 5 | 3 | 4 |
+---+---+---+---+---+---+---+---+---+
| 5 | 3 | 4 | 9 | 2 | 6 | 1 | 7 | 8 |
+---+---+---+---+---+---+---+---+---+
| 1 | 7 | 8 | 5 | 4 | 3 | 2 | 9 | 6 |
+---+---+---+---+---+---+---+---+---+
| 8 | 5 | 7 | 3 | 1 | 2 | 6 | 4 | 9 |
+---+---+---+---+---+---+---+---+---+
| 4 | 6 | 2 | 7 | 9 | 5 | 3 | 8 | 1 |
+---+---+---+---+---+---+---+---+---+
| 3 | 9 | 1 | 4 | 6 | 8 | 7 | 2 | 5 |
+---+---+---+---+---+---+---+---+---+

Id: 5adcf3599304
Difficulty: 2.6
