+---+---+---+---+---+---+---+---+---+
| 4 | 7 | 3 | 6 | 1 | 2 | 5 | 9 | 8 |
+---+---+---+---+---+---+---+---+---+
| 2 | 9 | 8 | 4 | 3 | 5 | 7 | 1 | 6 |
+---+---+---+---+---+---+---+---+---+
| 6 | 1 | 5 | 9 | 8 | 7 | 2 | 3 | 4 |
+---+---+---+---+---+---+---+---+---+
| 8 | 3 | 4 | 7 | 6 | 9 | 1 | 2 | 5 |
+---+---+---+---+---+---+---+---+---+
| 9 | 5 | 1 | 8 | 2 | 3 | 4 | 6 | 7 |
+---+---+---+---+---+---+---+---+---+
| 7 | 2 | 6 | 1 | 5 | 4 | 9 | 8 | 3 |
+---+---+---+---+---+---+---+---+---+
| 3 | 8 | 9 | 5 | 7 | 1 | 6 | 4 | 2 |
+---+---+---+---+---+---+---+---+---+
| 5 | 4 | 2 | 3 | 9 | 6 | 8 | 7 | 1 |
+---+---+---+---+---+---+---+---+---+
| 1 | 6 | 7 | 2 | 4 | 8 | 3 | 5 | 9 |
+---+---+---+---+---+---+---+---+---+

Id: 04358b91ac5b
Difficulty: 2.6
