+---+---+---+---+---+---+---+---+---+
| 3 | 8 | 5 | 2 | 1 | 4 | 7 | 6 | 9 |
+---+---+---+---+---+---+---+---+---+
| 7 | 6 | 1 | 3 | 5 | 9 | 4 | 2 | 8 |
+---+---+---+---+---+---+---+---+---+
| 2 | 9 | 4 | 6 | 7 | 8 | 3 | 5 | 1 |
+---+---+---+---+---+---+---+---+---+
| 6 | 5 | 8 | 1 | 4 | 3 | 9 | 7 | 2 |
+---+---+---+---+---+---+---+---+---+
| 1 | 4 | 3 | 7 | 9 | 2 | 5 | 8 | 6 |
+---+---+---+---+---+---+---+---+---+
| 9 | 7 | 2 | 5 | 8 | 6 | 1 | 3 | 4 |
+---+---+---+---+---+---+---+---+---+
| 4 | 3 | 9 | 8 | 6 | 5 | 2 | 1 | 7 |
+---+---+---+---+---+---+---+---+---+
| 5 | 1 | 6 | 4 | 2 | 7 | 8 | 9 | 3 |
+---+---+---+---+---+---+---+---+---+
| 8 | 2 | 7 | 9 | 3 | 1 | 6 | 4 | 5 |
+---+---+---+---+---+---+---+---+---+

Id: 2fa3a828eb57
Difficulty: 2.6
