+---+---+---+---+---+---+---+---+---+
| 6 | 2 | 1 | 4 | 5 | 3 | 8 | 7 | 9 |
+---+---+---+---+---+---+---+---+---+
| 8 | 5 | 3 | 1 | 9 | 7 | 4 | 6 | 2 |
+---+---+---+---+---+---+---+---+---+
| 7 | 4 | 9 | 2 | 6 | 8 | 1 | 5 | 3 |
+---+---+---+---+---+---+---+---+---+
| 5 | 3 | 2 | 8 | 7 | 4 | 6 | 9 | 1 |
+---+---+---+---+---+---+---+---+---+
| 1 | 7 | 6 | 9 | 2 | 5 | 3 | 4 | 8 |
+---+---+---+---+---+---+---+---+---+
| 9 | 8 | 4 | 3 | 1 | 6 | 5 | 2 | 7 |
+---+---+---+---+---+---+---+---+---+
| 3 | 9 | 5 | 7 | 4 | 1 | 2 | 8 | 6 |
+---+---+---+---+---+---+---+---+---+
| 2 | 6 | 8 | 5 | 3 | 9 | 7 | 1 | 4 |
+---+---+---+---+---+---+---+---+---+
| 4 | 1 | 7 | 6 | 8 | 2 | 9 | 3 | 5 |
+---+---+---+---+---+---+---+---+---+

Id: 4688f4ad249f
Difficulty: 2.8
