+---+---+---+---+---+---+---+---+---+
| 9 | 1 | 4 | 2 | 8 | 6 | 3 | 7 | 5 |
+---+---+---+---+---+---+---+---+---+
| 5 | 3 | 8 | 1 | 7 | 9 | 4 | 6 | 2 |
+---+---+---+---+---+---+---+---+---+
| 2 | 6 | 7 | 3 | 4 | 5 | 9 | 1 | 8 |
+---+---+---+---+---+---+---+---+---+
| 8 | 2 | 9 | 7 | 1 | 4 | 5 | 3 | 6 |
+---+---+---+---+---+---+---+---+---+
| 7 | 5 | 1 | 8 | 6 | 3 | 2 | 4 | 9 |
+---+---+---+---+---+---+---+---+---+
| 3 | 4 | 6 | 5 | 9 | 2 | 7 | 8 | 1 |
+---+---+---+---+---+---+---+---+---+
| 1 | 8 | 5 | 4 | 2 | 7 | 6 | 9 | 3 |
+---+---+---+---+---+---+---+---+---+
| 4 | 9 | 2 | 6 | 3 | 8 | 1 | 5 | 7 |
+---+---+---+---+---+---+---+---+---+
| 6 | 7 | 3 | 9 | 5 | 1 | 8 | 2 | 4 |
+---+---+---+---+---+---+---+---+---+

Id: b10ec9fb76ef
Difficulty: 2.8
