+---+---+---+---+---+---+---+---+---+
| 4 | 8 | 6 | 7 | 9 | 5 | 2 | 1 | 3 |
+---+---+---+---+---+---+---+---+---+
| 2 | 5 | 9 | 3 | 8 | 1 | 7 | 4 | 6 |
+---+---+---+---+---+---+---+---+---+
| 1 | 7 | 3 | 6 | 2 | 4 | 8 | 5 | 9 |
+---+---+---+---+---+---+---+---+---+
| 7 | 4 | 1 | 2 | 3 | 6 | 5 | 9 | 8 |
+---+---+---+---+---+---+---+---+---+
| 8 | 6 | 2 | 9 | 5 | 7 | 4 | 3 | 1 |
+---+---+---+---+---+---+---+---+---+
| 9 | 3 | 5 | 4 | 1 | 8 | 6 | 2 | 7 |
+---+---+---+---+---+---+---+---+---+
| 6 | 1 | 7 | 5 | 4 | 3 | 9 | 8 | 2 |
+---+---+---+---+---+---+---+---+---+
| 5 | 9 | 8 | 1 | 6 | 2 | 3 | 7 | 4 |
+---+---+---+---+---+---+---+---+---+
| 3 | 2 | 4 | 8 | 7 | 9 | 1 | 6 | 5 |
+---+---+---+---+---+---+---+---+---+

Id: 634e2044e567
Difficulty: 2.8
