+---+---+---+---+---+---+---+---+---+
| 9 | 8 | 1 | 3 | 7 | 4 | 2 | 5 | 6 |
+---+---+---+---+---+---+---+---+---+
| 4 | 5 | 6 | 2 | 9 | 8 | 1 | 3 | 7 |
+---+---+---+---+---+---+---+---+---+
| 2 | 3 | 7 | 6 | 5 | 1 | 9 | 8 | 4 |
+---+---+---+---+---+---+---+---+---+
| 6 | 9 | 3 | 8 | 1 | 5 | 4 | 7 | 2 |
+---+---+---+---+---+---+---+---+---+
| 1 | 4 | 2 | 7 | 3 | 6 | 8 | 9 | 5 |
+---+---+---+---+---+---+---+---+---+
| 8 | 7 | 5 | 9 | 4 | 2 | 6 | 1 | 3 |
+---+---+---+---+---+---+---+---+---+
| 3 | 6 | 4 | 5 | 8 | 9 | 7 | 2 | 1 |
+---+---+---+---+---+---+---+---+---+
| 7 | 2 | 8 | 1 | 6 | 3 | 5 | 4 | 9 |
+---+---+---+---+---+---+---+---+---+
| 5 | 1 | 9 | 4 | 2 | 7 | 3 | 6 | 8 |
+---+---+---+---+---+---+---+---+---+

Id: 7bd3b9e69ed4
Difficulty: 2.8
