+---+---+---+---+---+---+---+---+---+
| 5 | 7 | 3 | 6 | 2 | 4 | 1 | 8 | 9 |
+---+---+---+---+---+---+---+---+---+
| 8 | 1 | 6 | 9 | 7 | 5 | 3 | 2 | 4 |
+---+---+---+---+---+---+---+---+---+
| 4 | 2 | 9 | 1 | 8 | 3 | 5 | 7 | 6 |
+---+---+---+---+---+---+---+---+---+
| 1 | 6 | 4 | 8 | 3 | 2 | 7 | 9 | 5 |
+---+---+---+---+---+---+---+---+---+
| 2 | 9 | 8 | 7 | 5 | 1 | 6 | 4 | 3 |
+---+---+---+---+---+---+---+---+---+
| 7 | 3 | 5 | 4 | 6 | 9 | 8 | 1 | 2 |
+---+---+---+---+---+---+---+---+---+
| 6 | 4 | 2 | 5 | 1 | 8 | 9 | 3 | 7 |
+---+---+---+---+---+---+---+---+---+
| 9 | 5 | 1 | 3 | 4 | 7 | 2 | 6 | 8 |
+---+---+---+---+---+---+---+---+---+
| 3 | 8 | 7 | 2 | 9 | 6 | 4 | 5 | 1 |
+---+---+---+---+---+---+---+---+---+

Id: 0b2db80d7e47
Difficulty: 2.8
