+---+---+---+---+---+---+---+---+---+
| 9 | 7 | 6 | 2 | 8 | 5 | 1 | 4 | 3 |
+---+---+---+---+---+---+---+---+---+
| 2 | 5 | 4 | 1 | 3 | 9 | 6 | 8 | 7 |
+---+---+---+---+---+---+---+---+---+
| 8 | 1 | 3 | 7 | 6 | 4 | 2 | 5 | 9 |
+---+---+---+---+---+---+---+---+---+
| 5 | 2 | 1 | 4 | 7 | 3 | 8 | 9 | 6 |
+---+---+---+---+---+---+---+---+---+
| 7 | 6 | 8 | 9 | 5 | 2 | 4 | 3 | 1 |
+---+---+---+---+---+---+---+---+---+
| 4 | 3 | 9 | 8 | 1 | 6 | 7 | 2 | 5 |
+---+---+---+---+---+---+---+---+---+
| 6 | 9 | 2 | 5 | 4 | 1 | 3 | 7 | 8 |
+---+---+---+---+---+---+---+---+---+
| 1 | 4 | 7 | 3 | 9 | 8 | 5 | 6 | 2 |
+---+---+---+---+---+---+---+---+---+
| 3 | 8 | 5 | 6 | 2 | 7 | 9 | 1 | 4 |
+---+---+---+---+---+---+---+---+---+

Id: 5e72fd795043
Difficulty: 2.8
