+---+---+---+---+---+---+---+---+---+
| 5 | 3 | 2 | 8 | 7 | 1 | 9 | 4 | 6 |
+---+---+---+---+---+---+---+---+---+
| 8 | 6 | 1 | 9 | 4 | 3 | 7 | 5 | 2 |
+---+---+---+---+---+---+---+---+---+
| 7 | 9 | 4 | 2 | 5 | 6 | 1 | 8 | 3 |
+---+---+---+---+---+---+---+---+---+
| 1 | 8 | 3 | 4 | 6 | 5 | 2 | 7 | 9 |
+---+---+---+---+---+---+---+---+---+
| 4 | 2 | 6 | 7 | 9 | 8 | 5 | 3 | 1 |
+---+---+---+---+---+---+---+---+---+
| 9 | 7 | 5 | 3 | 1 | 2 | 8 | 6 | 4 |
+---+---+---+---+---+---+---+---+---+
| 6 | 4 | 7 | 5 | 2 | 9 | 3 | 1 | 8 |
+---+---+---+---+---+---+---+---+---+
| 2 | 1 | 8 | 6 | 3 | 7 | 4 | 9 | 5 |
+---+---+---+---+---+---+---+---+---+
| 3 | 5 | 9 | 1 | 8 | 4 | 6 | 2 | 7 |
+---+---+---+---+---+---+---+---+---+

Id: afcd8c0554eb
Difficulty: 3.0
