+---+---+---+---+---+---+---+---+---+
| 5 | 2 | 7 | 3 | 8 | 6 | 4 | 1 | 9 |
+---+---+---+---+---+---+---+---+---+
| 1 | 6 | 8 | 2 | 4 | 9 | 7 | 3 | 5 |
+---+---+---+---+---+---+---+---+---+
| 3 | 4 | 9 | 7 | 1 | 5 | 2 | 6 | 8 |
+---+---+---+---+---+---+---+---+---+
| 4 | 8 | 5 | 9 | 2 | 3 | 6 | 7 | 1 |
+---+---+---+---+---+---+---+---+---+
| 2 | 1 | 6 | 5 | 7 | 4 | 8 | 9 | 3 |
+---+---+---+---+---+---+---+---+---+
| 7 | 9 | 3 | 8 | 6 | 1 | 5 | 2 | 4 |
+---+---+---+---+---+---+---+---+---+
| 6 | 7 | 1 | 4 | 9 | 8 | 3 | 5 | 2 |
+---+---+---+---+---+---+---+---+---+
| 8 | 5 | 2 | 1 | 3 | 7 | 9 | 4 | 6 |
+---+---+---+---+---+---+---+---+---+
| 9 | 3 | 4 | 6 | 5 | 2 | 1 | 8 | 7 |
+---+---+---+---+---+---+---+---+---+

Id: bdf3e7479314
Difficulty: 3.0
