+---+---+---+---+---+---+---+---+---+
| 9 | 8 | 3 | 7 | 4 | 6 | 2 | 5 | 1 |
+---+---+---+---+---+---+---+---+---+
| 6 | 4 | 2 | 3 | 5 | 1 | 8 | 9 | 7 |
+---+---+---+---+---+---+---+---+---+
| 7 | 5 | 1 | 2 | 9 | 8 | 3 | 6 | 4 |
+---+---+---+---+---+---+---+---+---+
| 4 | 7 | 8 | 9 | 3 | 2 | 6 | 1 | 5 |
+---+---+---+---+---+---+---+---+---+
| 2 | 9 | 5 | 1 | 6 | 7 | 4 | 8 | 3 |
+---+---+---+---+---+---+---+---+---+
| 1 | 3 | 6 | 4 | 8 | 5 | 9 | 7 | 2 |
+---+---+---+---+---+---+---+---+---+
| 8 | 6 | 7 | 5 | 2 | 4 | 1 | 3 | 9 |
+---+---+---+---+---+---+---+---+---+
| 5 | 2 | 9 | 8 | 1 | 3 | 7 | 4 | 6 |
+---+---+---+---+---+---+---+---+---+
| 3 | 1 | 4 | 6 | 7 | 9 | 5 | 2 | 8 |
+---+---+---+---+---+---+---+---+---+

Id: fdaf1c8e3021
Difficulty: 3.0
