+---+---+---+---+---+---+---+---+---+
| 6 | 8 | 3 | 1 | 5 | 2 | 9 | 4 | 7 |
+---+---+---+---+---+---+---+---+---+
| 1 | 2 | 7 | 9 | 3 | 4 | 8 | 5 | 6 |
+---+---+---+---+---+---+---+---+---+
| 9 | 4 | 5 | 6 | 7 | 8 | 1 | 2 | 3 |
+---+---+---+---+---+---+---+---+---+
| 5 | 1 | 6 | 4 | 9 | 3 | 7 | 8 | 2 |
+---+---+---+---+---+---+---+---+---+
| 8 | 9 | 4 | 7 | 2 | 5 | 3 | 6 | 1 |
+---+---+---+---+---+---+---+---+---+
| 7 | 3 | 2 | 8 | 1 | 6 | 5 | 9 | 4 |
+---+---+---+---+---+---+---+---+---+
| 2 | 5 | 8 | 3 | 4 | 7 | 6 | 1 | 9 |
+---+---+---+---+---+---+---+---+---+
| 3 | 6 | 1 | 2 | 8 | 9 | 4 | 7 | 5 |
+---+---+---+---+---+---+---+---+---+
| 4 | 7 | 9 | 5 | 6 | 1 | 2 | 3 | 8 |
+---+---+---+---+---+---+---+---+---+

Id: 7aa394294c10
Difficulty: 3.0
