+---+---+---+---+---+---+---+---+---+
| 9 | 4 | 8 | 1 | 6 | 2 | 5 | 7 | 3 |
+---+---+---+---+---+---+---+---+---+
| 5 | 3 | 6 | 9 | 7 | 4 | 1 | 8 | 2 |
+---+---+---+---+---+---+---+---+---+
| 1 | 2 | 7 | 3 | 8 | 5 | 6 | 9 | 4 |
+---+---+---+---+---+---+---+---+---+
| 2 | 9 | 1 | 8 | 4 | 7 | 3 | 5 | 6 |
+---+---+---+---+---+---+---+---+---+
| 6 | 7 | 4 | 5 | 2 | 3 | 9 | 1 | 8 |
+---+---+---+---+---+---+---+---+---+
| 3 | 8 | 5 | 6 | 1 | 9 | 2 | 4 | 7 |
+---+---+---+---+---+---+---+---+---+
| 4 | 1 | 3 | 7 | 5 | 6 | 8 | 2 | 9 |
+---+---+---+---+---+---+---+---+---+
| 7 | 5 | 9 | 2 | 3 | 8 | 4 | 6 | 1 |
+---+---+---+---+---+---+---+---+---+
| 8 | 6 | 2 | 4 | 9 | 1 | 7 | 3 | 5 |
+---+---+---+---+---+---+---+---+---+

Id: 53f231065d78
Difficulty: 3.0
