+---+---+---+---+---+---+---+---+---+
| 7 | 4 | 3 | 9 | 8 | 6 | 1 | 5 | 2 |
+---+---+---+---+---+---+---+---+---+
| 5 | 9 | 1 | 2 | 7 | 3 | 8 | 6 | 4 |
+---+---+---+---+---+---+---+---+---+
| 6 | 2 | 8 | 4 | 1 | 5 | 3 | 7 | 9 |
+---+---+---+---+---+---+---+---+---+
| 8 | 6 | 5 | 1 | 2 | 9 | 4 | 3 | 7 |
+---+---+---+---+---+---+---+---+---+
| 2 | 1 | 9 | 3 | 4 | 7 | 5 | 8 | 6 |
+---+---+---+---+---+---+---+---+---+
| 4 | 3 | 7 | 5 | 6 | 8 | 9 | 2 | 1 |
+---+---+---+---+---+---+---+---+---+
| 3 | 7 | 4 | 8 | 9 | 2 | 6 | 1 | 5 |
+---+---+---+---+---+---+---+---+---+
| 9 | 5 | 6 | 7 | 3 | 1 | 2 | 4 | 8 |
+---+---+---+---+---+---+---+---+---+
| 1 | 8 | 2 | 6 | 5 | 4 | 7 | 9 | 3 |
+---+---+---+---+---+---+---+---+---+

Id: 3d37b05abc52
Difficulty: 3.2
