+---+---+---+---+---+---+---+---+---+
| 2 | 3 | 7 | 5 | 1 | 8 | 6 | 4 | 9 |
+---+---+---+---+---+---+---+---+---+
| 4 | 5 | 6 | 9 | 3 | 7 | 2 | 8 | 1 |
+---+---+---+---+---+---+---+---+---+
| 9 | 1 | 8 | 6 | 4 | 2 | 5 | 7 | 3 |
+---+---+---+---+---+---+---+---+---+
| 1 | 6 | 3 | 8 | 5 | 9 | 4 | 2 | 7 |
+---+---+---+---+---+---+---+---+---+
| 8 | 2 | 5 | 3 | 7 | 4 | 9 | 1 | 6 |
+---+---+---+---+---+---+---+---+---+
| 7 | 4 | 9 | 1 | 2 | 6 | 3 | 5 | 8 |
+---+---+---+---+---+---+---+---+---+
| 3 | 7 | 4 | 2 | 9 | 1 | 8 | 6 | 5 |
+---+---+---+---+---+---+---+---+---+
| 6 | 9 | 1 | 4 | 8 | 5 | 7 | 3 | 2 |
+---+---+---+---+---+---+---+---+---+
| 5 | 8 | 2 | 7 | 6 | 3 | 1 | 9 | 4 |
+---+---+---+---+---+---+---+---+---+

Id: 9fa15962b0dd
Difficulty: 3.2
