+---+---+---+---+---+---+---+---+---+
| 4 | 3 | 9 | 2 | 5 | 6 | 7 | 1 | 8 |
+---+---+---+---+---+---+---+---+---+
| 7 | 6 | 2 | 1 | 8 | 4 | 5 | 9 | 3 |
+---+---+---+---+---+---+---+---+---+
| 5 | 8 | 1 | 9 | 3 | 7 | 2 | 6 | 4 |
+---+---+---+---+---+---+---+---+---+
| 9 | 5 | 4 | 3 | 7 | 2 | 1 | 8 | 6 |
+---+---+---+---+---+---+---+---+---+
| 8 | 2 | 3 | 5 | 6 | 1 | 4 | 7 | 9 |
+---+---+---+---+---+---+---+---+---+
| 6 | 1 | 7 | 8 | 4 | 9 | 3 | 2 | 5 |
+---+---+---+---+---+---+---+---+---+
| 1 | 4 | 8 | 6 | 2 | 5 | 9 | 3 | 7 |
+---+---+---+---+---+---+---+---+---+
| 3 | 9 | 5 | 7 | 1 | 8 | 6 | 4 | 2 |
+---+---+---+---+---+---+---+---+---+
| 2 | 7 | 6 | 4 | 9 | 3 | 8 | 5 | 1 |
+---+---+---+---+---+---+---+---+---+

Id: 4a9def31c083
Difficulty: 3.4
