+---+---+---+---+---+---+---+---+---+
| 7 | 6 | 5 | 3 | 8 | 1 | 2 | 4 | 9 |
+---+---+---+---+---+---+---+---+---+
| 1 | 8 | 9 | 2 | 6 | 4 | 7 | 3 | 5 |
+---+---+---+---+---+---+---+---+---+
| 3 | 2 | 4 | 7 | 9 | 5 | 1 | 8 | 6 |
+---+---+---+---+---+---+---+---+---+
| 4 | 3 | 8 | 6 | 2 | 7 | 9 | 5 | 1 |
+---+---+---+---+---+---+---+---+---+
| 6 | 5 | 7 | 9 | 1 | 8 | 3 | 2 | 4 |
+---+---+---+---+---+---+---+---+---+
| 9 | 1 | 2 | 4 | 5 | 3 | 8 | 6 | 7 |
+---+---+---+---+---+---+---+---+---+
| 5 | 9 | 1 | 8 | 4 | 2 | 6 | 7 | 3 |
+---+---+---+---+---+---+---+---+---+
| 2 | 7 | 6 | 5 | 3 | 9 | 4 | 1 | 8 |
+---+---+---+---+---+---+---+---+---+
| 8 | 4 | 3 | 1 | 7 | 6 | 5 | 9 | 2 |
+---+---+---+---+---+---+---+---+---+

Id: d34ccbccce26
Difficulty: 3.4
