+---+---+---+---+---+---+---+---+---+
| 7 | 6 | 4 | 2 | 8 | 1 | 5 | 3 | 9 |
+---+---+---+---+---+---+---+---+---+
| 2 | 3 | 1 | 5 | 6 | 9 | 4 | 7 | 8 |
+---+---+---+---+---+---+---+---+---+
| 5 | 9 | 8 | 7 | 3 | 4 | 1 | 6 | 2 |
+---+---+---+---+---+---+---+---+---+
| 3 | 7 | 5 | 1 | 2 | 8 | 9 | 4 | 6 |
+---+---+---+---+---+---+---+---+---+
| 8 | 4 | 2 | 6 | 9 | 7 | 3 | 1 | 5 |
+---+---+---+---+---+---+---+---+---+
| 6 | 1 | 9 | 3 | 4 | 5 | 2 | 8 | 7 |
+---+---+---+---+---+---+---+---+---+
| 9 | 8 | 6 | 4 | 5 | 3 | 7 | 2 | 1 |
+---+---+---+---+---+---+---+---+---+
| 1 | 5 | 3 | 8 | 7 | 2 | 6 | 9 | 4 |
+---+---+---+---+---+---+---+---+---+
| 4 | 2 | 7 | 9 | 1 | 6 | 8 | 5 | 3 |
+---+---+---+---+---+---+---+---+---+

Id: 4232351428a9
Difficulty: 3.6
