+---+---+---+---+---+---+---+---+---+
| 2 | 4 | 9 | 6 | 3 | 1 | 5 | 7 | 8 |
+---+---+---+---+---+---+---+---+---+
| 5 | 1 | 6 | 8 | 2 | 7 | 4 | 9 | 3 |
+---+---+---+---+---+---+---+---+---+
| 3 | 7 | 8 | 4 | 5 | 9 | 6 | 1 | 2 |
+---+---+---+---+---+---+---+---+---+
| 9 | 5 | 1 | 3 | 8 | 6 | 7 | 2 | 4 |
+---+---+---+---+---+---+---+---+---+
| 8 | 2 | 4 | 7 | 1 | 5 | 3 | 6 | 9 |
+---+---+---+---+---+---+---+---+---+
| 6 | 3 | 7 | 9 | 4 | 2 | 1 | 8 | 5 |
+---+---+---+---+---+---+---+---+---+
| 4 | 6 | 2 | 5 | 7 | 8 | 9 | 3 | 1 |
+---+---+---+---+---+---+---+---+---+
| 7 | 8 | 5 | 1 | 9 | 3 | 2 | 4 | 6 |
+---+---+---+---+---+---+---+---+---+
| 1 | 9 | 3 | 2 | 6 | 4 | 8 | 5 | 7 |
+---+---+---+---+---+---+---+---+---+

Id: e66fbe4f4bf6
Difficulty: 3.6
