+---+---+---+---+---+---+---+---+---+
| 7 | 1 | 6 | 9 | 3 | 8 | 2 | 5 | 4 |
+---+---+---+---+---+---+---+---+---+
| 2 | 3 | 8 | 5 | 4 | 1 | 9 | 6 | 7 |
+---+---+---+---+---+---+---+---+---+
| 4 | 9 | 5 | 6 | 7 | 2 | 8 | 3 | 1 |
+---+---+---+---+---+---+---+---+---+
| 6 | 7 | 2 | 4 | 5 | 9 | 3 | 1 | 8 |
+---+---+---+---+---+---+---+---+---+
| 8 | 5 | 9 | 3 | 1 | 6 | 4 | 7 | 2 |
+---+---+---+---+---+---+---+---+---+
| 3 | 4 | 1 | 2 | 8 | 7 | 5 | 9 | 6 |
+---+---+---+---+---+---+---+---+---+
| 1 | 8 | 3 | 7 | 2 | 5 | 6 | 4 | 9 |
+---+---+---+---+---+---+---+---+---+
| 5 | 6 | 7 | 8 | 9 | 4 | 1 | 2 | 3 |
+---+---+---+---+---+---+---+---+---+
| 9 | 2 | 4 | 1 | 6 | 3 | 7 | 8 | 5 |
+---+---+---+---+---+---+---+---+---+

Id: 4aaff539c12f
Difficulty: 3.8
