+---+---+---+---+---+---+---+---+---+
| 3 | 8 | 6 | 7 | 9 | 4 | 2 | 5 | 1 |
+---+---+---+---+---+---+---+---+---+
| 9 | 7 | 1 | 5 | 8 | 2 | 6 | 4 | 3 |
+---+---+---+---+---+---+---+---+---+
| 4 | 2 | 5 | 1 | 6 | 3 | 9 | 8 | 7 |
+---+---+---+---+---+---+---+---+---+
| 2 | 1 | 7 | 9 | 5 | 8 | 4 | 3 | 6 |
+---+---+---+---+---+---+---+---+---+
| 5 | 3 | 9 | 6 | 4 | 1 | 7 | 2 | 8 |
+---+---+---+---+---+---+---+---+---+
| 6 | 4 | 8 | 3 | 2 | 7 | 5 | 1 | 9 |
+---+---+---+---+---+---+---+---+---+
| 8 | 9 | 2 | 4 | 1 | 6 | 3 | 7 | 5 |
+---+---+---+---+---+---+---+---+---+
| 7 | 5 | 4 | 8 | 3 | 9 | 1 | 6 | 2 |
+---+---+---+---+---+---+---+---+---+
| 1 | 6 | 3 | 2 | 7 | 5 | 8 | 9 | 4 |
+---+---+---+---+---+---+---+---+---+

Id: 5bf1859fe3b0
Difficulty: 3.8
