+---+---+---+---+---+---+---+---+---+
| 4 | 7 | 3 | 1 | 8 | 2 | 6 | 9 | 5 |
+---+---+---+---+---+---+---+---+---+
| 9 | 6 | 2 | 4 | 3 | 5 | 7 | 1 | 8 |
+---+---+---+---+---+---+---+---+---+
| 1 | 8 | 5 | 7 | 6 | 9 | 3 | 4 | 2 |
+---+---+---+---+---+---+---+---+---+
| 8 | 5 | 7 | 6 | 4 | 3 | 9 | 2 | 1 |
+---+---+---+---+---+---+---+---+---+
| 2 | 1 | 4 | 9 | 7 | 8 | 5 | 3 | 6 |
+---+---+---+---+---+---+---+---+---+
| 3 | 9 | 6 | 5 | 2 | 1 | 8 | 7 | 4 |
+---+---+---+---+---+---+---+---+---+
| 7 | 4 | 8 | 2 | 9 | 6 | 1 | 5 | 3 |
+---+---+---+---+---+---+---+---+---+
| 5 | 3 | 9 | 8 | 1 | 4 | 2 | 6 | 7 |
+---+---+---+---+---+---+---+---+---+
| 6 | 2 | 1 | 3 | 5 | 7 | 4 | 8 | 9 |
+---+---+---+---+---+---+---+---+---+

Id: 001b6f754d1e
Difficulty: 3.8
