+---+---+---+---+---+---+---+---+---+
| 1 | 5 | 8 | 4 | 3 | 7 | 9 | 2 | 6 |
+---+---+---+---+---+---+---+---+---+
| 6 | 2 | 3 | 9 | 8 | 1 | 5 | 4 | 7 |
+---+---+---+---+---+---+---+---+---+
| 4 | 7 | 9 | 6 | 5 | 2 | 1 | 3 | 8 |
+---+---+---+---+---+---+---+---+---+
| 3 | 1 | 4 | 7 | 2 | 8 | 6 | 9 | 5 |
+---+---+---+---+---+---+---+---+---+
| 8 | 6 | 5 | 1 | 9 | 3 | 2 | 7 | 4 |
+---+---+---+---+---+---+---+---+---+
| 2 | 9 | 7 | 5 | 4 | 6 | 8 | 1 | 3 |
+---+---+---+---+---+---+---+---+---+
| 9 | 4 | 2 | 3 | 6 | 5 | 7 | 8 | 1 |
+---+---+---+---+---+---+---+---+---+
| 5 | 8 | 1 | 2 | 7 | 4 | 3 | 6 | 9 |
+---+---+---+---+---+---+---+---+---+
| 7 | 3 | 6 | 8 | 1 | 9 | 4 | 5 | 2 |
+---+---+---+---+---+---+---+---+---+

Id: 4e6d791a1bd7
Difficulty: 3.8
