+---+---+---+---+---+---+---+---+---+
| 4 | 6 | 8 | 5 | 3 | 1 | 7 | 2 | 9 |
+---+---+---+---+---+---+---+---+---+
| 3 | 2 | 1 | 6 | 7 | 9 | 4 | 5 | 8 |
+---+---+---+---+---+---+---+---+---+
| 5 | 9 | 7 | 2 | 8 | 4 | 6 | 1 | 3 |
+---+---+---+---+---+---+---+---+---+
| 9 | 1 | 6 | 4 | 2 | 5 | 8 | 3 | 7 |
+---+---+---+---+---+---+---+---+---+
| 8 | 3 | 2 | 9 | 1 | 7 | 5 | 4 | 6 |
+---+---+---+---+---+---+---+---+---+
| 7 | 4 | 5 | 8 | 6 | 3 | 1 | 9 | 2 |
+---+---+---+---+---+---+---+---+---+
| 6 | 7 | 4 | 1 | 9 | 2 | 3 | 8 | 5 |
+---+---+---+---+---+---+---+---+---+
| 1 | 8 | 9 | 3 | 5 | 6 | 2 | 7 | 4 |
+---+---+---+---+---+---+---+---+---+
| 2 | 5 | 3 | 7 | 4 | 8 | 9 | 6 | 1 |
+---+---+---+---+---+---+---+---+---+

Id: adffc2e2bda6
Difficulty: 4.0
