+---+---+---+---+---+---+---+---+---+
| 2 | 5 | 6 | 9 | 8 | 4 | 7 | 1 | 3 |
+---+---+---+---+---+---+---+---+---+
| 3 | 9 | 7 | 5 | 1 | 2 | 6 | 4 | 8 |
+---+---+---+---+---+---+---+---+---+
| 1 | 8 | 4 | 7 | 3 | 6 | 5 | 9 | 2 |
+---+---+---+---+---+---+---+---+---+
| 9 | 2 | 5 | 6 | 7 | 1 | 8 | 3 | 4 |
+---+---+---+---+---+---+---+---+---+
| 6 | 3 | 1 | 2 | 4 | 8 | 9 | 7 | 5 |
+---+---+---+---+---+---+---+---+---+
| 7 | 4 | 8 | 3 | 5 | 9 | 1 | 2 | 6 |
+---+---+---+---+---+---+---+---+---+
| 4 | 6 | 2 | 1 | 9 | 5 | 3 | 8 | 7 |
+---+---+---+---+---+---+---+---+---+
| 8 | 7 | 9 | 4 | 6 | 3 | 2 | 5 | 1 |
+---+---+---+---+---+---+---+---+---+
| 5 | 1 | 3 | 8 | 2 | 7 | 4 | 6 | 9 |
+---+---+---+---+---+---+---+---+---+

Id: 89d47c8f2495
Difficulty: 4.0
