+---+---+---+---+---+---+---+---+---+
| 2 | 5 | 9 | 7 | 6 | 1 | 4 | 3 | 8 |
+---+---+---+---+---+---+---+---+---+
| 8 | 6 | 7 | 3 | 9 | 4 | 5 | 1 | 2 |
+---+---+---+---+---+---+---+---+---+
| 4 | 1 | 3 | 5 | 8 | 2 | 9 | 7 | 6 |
+---+---+---+---+---+---+---+---+---+
| 3 | 8 | 6 | 9 | 7 | 5 | 1 | 2 | 4 |
+---+---+---+---+---+---+---+---+---+
| 9 | 7 | 4 | 1 | 2 | 6 | 8 | 5 | 3 |
+---+---+---+---+---+---+---+---+---+
| 5 | 2 | 1 | 4 | 3 | 8 | 7 | 6 | 9 |
+---+---+---+---+---+---+---+---+---+
| 7 | 3 | 8 | 2 | 1 | 9 | 6 | 4 | 5 |
+---+---+---+---+---+---+---+---+---+
| 1 | 9 | 5 | 6 | 4 | 3 | 2 | 8 | 7 |
+---+---+---+---+---+---+---+---+---+
| 6 | 4 | 2 | 8 | 5 | 7 | 3 | 9 | 1 |
+---+---+---+---+---+---+---+---+---+

Id: b05a4ee5fd07
Difficulty: 4.1
