+---+---+---+---+---+---+---+---+---+
| 4 | 3 | 2 | 9 | 5 | 6 | 7 | 1 | 8 |
+---+---+---+---+---+---+---+---+---+
| 8 | 9 | 6 | 2 | 7 | 1 | 5 | 3 | 4 |
+---+---+---+---+---+---+---+---+---+
| 1 | 7 | 5 | 3 | 8 | 4 | 2 | 9 | 6 |
+---+---+---+---+---+---+---+---+---+
| 6 | 5 | 3 | 8 | 4 | 9 | 1 | 7 | 2 |
+---+---+---+---+---+---+---+---+---+
| 9 | 1 | 4 | 7 | 6 | 2 | 8 | 5 | 3 |
+---+---+---+---+---+---+---+---+---+
| 7 | 2 | 8 | 5 | 1 | 3 | 4 | 6 | 9 |
+---+---+---+---+---+---+---+---+---+
| 2 | 8 | 1 | 6 | 3 | 5 | 9 | 4 | 7 |
+---+---+---+---+---+---+---+---+---+
| 5 | 6 | 9 | 4 | 2 | 7 | 3 | 8 | 1 |
+---+---+---+---+---+---+---+---+---+
| 3 | 4 | 7 | 1 | 9 | 8 | 6 | 2 | 5 |
+---+---+---+---+---+---+---+---+---+

Id: 7731073e0abd
Difficulty: 4.2
