+---+---+---+---+---+---+---+---+---+
| 9 | 7 | 4 | 6 | 5 | 8 | 1 | 2 | 3 |
+---+---+---+---+---+---+---+---+---+
| 2 | 5 | 8 | 3 | 1 | 7 | 4 | 6 | 9 |
+---+---+---+---+---+---+---+---+---+
| 1 | 6 | 3 | 2 | 9 | 4 | 7 | 5 | 8 |
+---+---+---+---+---+---+---+---+---+
| 6 | 1 | 7 | 4 | 2 | 3 | 8 | 9 | 5 |
+---+---+---+---+---+---+---+---+---+
| 8 | 3 | 5 | 7 | 6 | 9 | 2 | 4 | 1 |
+---+---+---+---+---+---+---+---+---+
| 4 | 2 | 9 | 5 | 8 | 1 | 6 | 3 | 7 |
+---+---+---+---+---+---+---+---+---+
| 3 | 8 | 1 | 9 | 4 | 2 | 5 | 7 | 6 |
+---+---+---+---+---+---+---+---+---+
| 5 | 9 | 2 | 1 | 7 | 6 | 3 | 8 | 4 |
+---+---+---+---+---+---+---+---+---+
| 7 | 4 | 6 | 8 | 3 | 5 | 9 | 1 | 2 |
+---+---+---+---+---+---+---+---+---+

Id: 7f8dc05af22c
Difficulty: 4.2
