+---+---+---+---+---+---+---+---+---+
| 8 | 7 | 5 | 9 | 2 | 4 | 1 | 3 | 6 |
+---+---+---+---+---+---+---+---+---+
| 1 | 2 | 6 | 3 | 5 | 8 | 7 | 9 | 4 |
+---+---+---+---+---+---+---+---+---+
| 4 | 3 | 9 | 7 | 1 | 6 | 8 | 2 | 5 |
+---+---+---+---+---+---+---+---+---+
| 7 | 5 | 1 | 4 | 6 | 9 | 3 | 8 | 2 |
+---+---+---+---+---+---+---+---+---+
| 3 | 4 | 8 | 5 | 7 | 2 | 9 | 6 | 1 |
+---+---+---+---+---+---+---+---+---+
| 9 | 6 | 2 | 1 | 8 | 3 | 4 | 5 | 7 |
+---+---+---+---+---+---+---+---+---+
| 6 | 1 | 3 | 8 | 4 | 5 | 2 | 7 | 9 |
+---+---+---+---+---+---+---+---+---+
| 5 | 8 | 4 | 2 | 9 | 7 | 6 | 1 | 3 |
+---+---+---+---+---+---+---+---+---+
| 2 | 9 | 7 | 6 | 3 | 1 | 5 | 4 | 8 |
+---+---+---+---+---+---+---+---+---+

Id: 0657103b19f3
Difficulty: 4.2
