+---+---+---+---+---+---+---+---+---+
| 2 | 5 | 7 | 9 | 8 | 6 | 3 | 1 | 4 |
+---+---+---+---+---+---+---+---+---+
| 3 | 6 | 8 | 2 | 1 | 4 | 9 | 7 | 5 |
+---+---+---+---+---+---+---+---+---+
| 4 | 1 | 9 | 5 | 3 | 7 | 6 | 2 | 8 |
+---+---+---+---+---+---+---+---+---+
| 6 | 8 | 2 | 3 | 7 | 9 | 4 | 5 | 1 |
+---+---+---+---+---+---+---+---+---+
| 9 | 4 | 3 | 1 | 5 | 2 | 8 | 6 | 7 |
+---+---+---+---+---+---+---+---+---+
| 1 | 7 | 5 | 6 | 4 | 8 | 2 | 3 | 9 |
+---+---+---+---+---+---+---+---+---+
| 8 | 2 | 4 | 7 | 6 | 1 | 5 | 9 | 3 |
+---+---+---+---+---+---+---+---+---+
| 5 | 9 | 1 | 4 | 2 | 3 | 7 | 8 | 6 |
+---+---+---+---+---+---+---+---+---+
| 7 | 3 | 6 | 8 | 9 | 5 | 1 | 4 | 2 |
+---+---+---+---+---+---+---+---+---+

Id: 10317cb4f673
Difficulty: 4.2
