+---+---+---+---+---+---+---+---+---+
| 7 | 2 | 6 | 3 | 1 | 8 | 4 | 5 | 9 |
+---+---+---+---+---+---+---+---+---+
| 4 | 1 | 5 | 6 | 9 | 2 | 7 | 3 | 8 |
+---+---+---+---+---+---+---+---+---+
| 8 | 3 | 9 | 4 | 7 | 5 | 6 | 1 | 2 |
+---+---+---+---+---+---+---+---+---+
| 3 | 4 | 1 | 9 | 5 | 7 | 2 | 8 | 6 |
+---+---+---+---+---+---+---+---+---+
| 5 | 6 | 8 | 2 | 3 | 4 | 1 | 9 | 7 |
+---+---+---+---+---+---+---+---+---+
| 2 | 9 | 7 | 8 | 6 | 1 | 5 | 4 | 3 |
+---+---+---+---+---+---+---+---+---+
| 6 | 7 | 3 | 5 | 4 | 9 | 8 | 2 | 1 |
+---+---+---+---+---+---+---+---+---+
| 9 | 5 | 2 | 1 | 8 | 6 | 3 | 7 | 4 |
+---+---+---+---+---+---+---+---+---+
| 1 | 8 | 4 | 7 | 2 | 3 | 9 | 6 | 5 |
+---+---+---+---+---+---+---+---+---+

Id: 7bc3499ba2b0
Difficulty: 4.3
