+---+---+---+---+---+---+---+---+---+
| 2 | 1 | 4 | 3 | 7 | 6 | 5 | 9 | 8 |
+---+---+---+---+---+---+---+---+---+
| 7 | 9 | 8 | 5 | 1 | 2 | 6 | 3 | 4 |
+---+---+---+---+---+---+---+---+---+
| 3 | 5 | 6 | 4 | 9 | 8 | 1 | 2 | 7 |
+---+---+---+---+---+---+---+---+---+
| 6 | 8 | 1 | 9 | 2 | 5 | 7 | 4 | 3 |
+---+---+---+---+---+---+---+---+---+
| 4 | 7 | 3 | 6 | 8 | 1 | 2 | 5 | 9 |
+---+---+---+---+---+---+---+---+---+
| 5 | 2 | 9 | 7 | 4 | 3 | 8 | 6 | 1 |
+---+---+---+---+---+---+---+---+---+
| 8 | 6 | 2 | 1 | 3 | 4 | 9 | 7 | 5 |
+---+---+---+---+---+---+---+---+---+
| 1 | 3 | 7 | 2 | 5 | 9 | 4 | 8 | 6 |
+---+---+---+---+---+---+---+---+---+
| 9 | 4 | 5 | 8 | 6 | 7 | 3 | 1 | 2 |
+---+---+---+---+---+---+---+---+---+

Id: ba83bb7ab03a
Difficulty: 4.3
