+---+---+---+---+---+---+---+---+---+
| 3 | 5 | 1 | 2 | 9 | 8 | 7 | 6 | 4 |
+---+---+---+---+---+---+---+---+---+
| 4 | 7 | 2 | 6 | 3 | 5 | 9 | 8 | 1 |
+---+---+---+---+---+---+---+---+---+
| 6 | 8 | 9 | 4 | 1 | 7 | 5 | 2 | 3 |
+---+---+---+---+---+---+---+---+---+
| 2 | 6 | 5 | 1 | 4 | 9 | 3 | 7 | 8 |
+---+---+---+---+---+---+---+---+---+
| 1 | 9 | 7 | 8 | 2 | 3 | 6 | 4 | 5 |
+---+---+---+---+---+---+---+---+---+
| 8 | 4 | 3 | 7 | 5 | 6 | 1 | 9 | 2 |
+---+---+---+---+---+---+---+---+---+
| 5 | 2 | 8 | 9 | 7 | 1 | 4 | 3 | 6 |
+---+---+---+---+---+---+---+---+---+
| 7 | 1 | 6 | 3 | 8 | 4 | 2 | 5 | 9 |
+---+---+---+---+---+---+---+---+---+
| 9 | 3 | 4 | 5 | 6 | 2 | 8 | 1 | 7 |
+---+---+---+---+---+---+---+---+---+

Id: 7c20052bff1c
Difficulty: 4.5
