+---+---+---+---+---+---+---+---+---+
| 5 | 9 | 6 | 2 | 7 | 4 | 3 | 1 | 8 |
+---+---+---+---+---+---+---+---+---+
| 2 | 4 | 8 | 9 | 3 | 1 | 6 | 5 | 7 |
+---+---+---+---+---+---+---+---+---+
| 1 | 7 | 3 | 8 | 6 | 5 | 4 | 2 | 9 |
+---+---+---+---+---+---+---+---+---+
| 6 | 8 | 9 | 7 | 4 | 2 | 5 | 3 | 1 |
+---+---+---+---+---+---+---+---+---+
| 3 | 1 | 5 | 6 | 8 | 9 | 7 | 4 | 2 |
+---+---+---+---+---+---+---+---+---+
| 4 | 2 | 7 | 1 | 5 | 3 | 8 | 9 | 6 |
+---+---+---+---+---+---+---+---+---+
| 8 | 3 | 1 | 5 | 9 | 6 | 2 | 7 | 4 |
+---+---+---+---+---+---+---+---+---+
| 9 | 6 | 4 | 3 | 2 | 7 | 1 | 8 | 5 |
+---+---+---+---+---+---+---+---+---+
| 7 | 5 | 2 | 4 | 1 | 8 | 9 | 6 | 3 |
+---+---+---+---+---+---+---+---+---+

Id: a3541d67a2a1
Difficulty: 4.8
