+---+---+---+---+---+---+---+---+---+
|   |   |   |   | 1 | 8 |   | 3 |   |
+---+---+---+---+---+---+---+---+---+
| 5 | 4 |   |   |   |   | 8 | 1 |   |
+---+---+---+---+---+---+---+---+---+
|   | 1 | 3 |   |   |   | 7 |   |   |
+---+---+---+---+---+---+---+---+---+
| 6 |   |   | 5 | 8 | 2 |   |   |   |
+---+---+---+---+---+---+---+---+---+
| 1 |   |   | 7 |   | 9 |   |   | 2 |
+---+---+---+---+---+---+---+---+---+
|   |   |   | 6 | 3 | 1 |   |   | 4 |
+---+---+---+---+---+---+---+---+---+
|   |   | 8 |   |   |   | 2 | 5 |   |
+---+---+---+---+---+---+---+---+---+
|   | 5 | 1 |   |   |   |   | 7 | 8 |
+---+---+---+---+---+---+---+---+---+
|   | 2 |   | 8 | 9 |   |   |   |   |
+---+---+---+---+---+---+---+---+---+

Id: 6a1f2ef90e14
Difficulty: 1.2
