+---+---+---+---+---+---+---+---+---+
| 1 |   | 8 | 3 |   |   |   |   | 7 |
+---+---+---+---+---+---+---+---+---+
|   | 7 |   |   | 9 |   | 5 | 2 |   |
+---+---+---+---+---+---+---+---+---+
|   | 6 |   |   | 2 | 4 |   |   | 3 |
+---+---+---+---+---+---+---+---+---+
|   |   | 1 |   |   |   |   |   | 4 |
+---+---+---+---+---+---+---+---+---+
|   | 5 | 7 |   |   |   | 6 | 8 |   |
+---+---+---+---+---+---+---+---+---+
| 3 |   |   |   |   |   | 2 |   |   |
+---+---+---+---+---+---+---+---+---+
| 5 |   |   | 9 | 4 |   |   | 6 |   |
+---+---+---+---+---+---+---+---+---+
|   | 1 | 9 |   | 8 |   |   | 5 |   |
+---+---+---+---+---+---+---+---+---+
| 8 |   |   |   |   | 2 | 1 |   | 9 |
+---+---+---+---+---+---+---+---+---+

Id: 24b38a6bdefc
Difficulty: 1.2
