+---+---+---+---+---+---+---+---+---+
| 8 | 4 |   | 9 |   |   |   |   | 7 |
+---+---+---+---+---+---+---+---+---+
|   |   | 1 | 5 |   |   |   |   | 4 |
+---+---+---+---+---+---+---+---+---+
|   |   |   |   | 4 | 3 |   | 2 |   |
+---+---+---+---+---+---+---+---+---+
|   |   | 2 | 7 |   | 1 |   | 8 | 6 |
+---+---+---+---+---+---+---+---+---+
|   |   | 5 |   | 9 |   | 3 |   |   |
+---+---+---+---+---+---+---+---+---+
| 1 | 8 |   | 3 |   | 4 | 5 |   |   |
+---+---+---+---+---+---+---+---+---+
|   | 3 |   | 2 | 6 |   |   |   |   |
+---+---+---+---+---+---+---+---+---+
| 9 |   |   |   |   | 8 | 2 |   |   |
+---+---+---+---+---+---+---+---+---+
| 6 |   |   |   |   | 5 |   | 9 | 3 |
+---+---+---+---+---+---+---+---+---+

Id: 7a4dc88d86ab
Difficulty: 1.2
