+---+---+---+---+---+---+---+---+---+
| 9 | 2 |   |   |   | 5 | 3 |   | 4 |
+---+---+---+---+---+---+---+---+---+
|   |   |   | 4 |   |   |   |   | 9 |
+---+---+---+---+---+---+---+---+---+
| 4 |   | 1 | 9 |   | 2 | 7 |   |   |
+---+---+---+---+---+---+---+---+---+
| 1 |   | 8 | 5 |   | 3 | 9 | 7 |   |
+---+---+---+---+---+---+---+---+---+
|   |   |   |   | 4 |   |   |   |   |
+---+---+---+---+---+---+---+---+---+
|   | 7 | 9 | 2 |   | 1 | 5 |   | 3 |
+---+---+---+---+---+---+---+---+---+
|   |   | 6 | 1 |   | 4 | 2 |   | 7 |
+---+---+---+---+---+---+---+---+---+
| 7 |   |   |   |   | 6 |   |   |   |
+---+---+---+---+---+---+---+---+---+
| 2 |   | 4 | 8 |   |   |   | 5 | 1 |
+---+---+---+---+---+---+---+---+---+

Id: d7df5cd2912e
Difficulty: 1.2
