+---+---+---+---+---+---+---+---+---+
|   | 6 |   |   |   | 8 |   |   |   |
+---+---+---+---+---+---+---+---+---+
| 5 |   | 7 | 3 | 6 |   | 9 | 8 |   |
+---+---+---+---+---+---+---+---+---+
| 8 |   |   |   | 9 | 7 |   |   |   |
+---+---+---+---+---+---+---+---+---+
|   | 4 |   |   |   |   | 2 |   |   |
+---+---+---+---+---+---+---+---+---+
|   | 9 | 1 |   | 2 |   | 8 | 7 |   |
+---+---+---+---+---+---+---+---+---+
|   |   | 5 |   |   |   |   | 3 |   |
+---+---+---+---+---+---+---+---+---+
|   |   |   | 2 | 7 |   |   |   | 3 |
+---+---+---+---+---+---+---+---+---+
|   | 7 | 6 |   | 3 | 1 | 5 |   | 8 |
+---+---+---+---+---+---+---+---+---+
|   |   |   | 9 |   |   |   | 2 |   |
+---+---+---+---+---+---+---+---+---+

Id: 2168e2a2714e
Difficulty: 1.2
