+---+---+---+---+---+---+---+---+---+
| 4 |   |   | 6 |   |   |   | 2 | 1 |
+---+---+---+---+---+---+---+---+---+
| 5 |   |   |   | 8 | 3 |   |   |   |
+---+---+---+---+---+---+---+---+---+
|   |   | 6 |   | 5 |   | 3 |   |   |
+---+---+---+---+---+---+---+---+---+
|   | 4 |   | 8 | 9 | 2 |   |   | 3 |
+---+---+---+---+---+---+---+---+---+
|   | 5 | 1 | 3 |   | 7 | 2 | 4 |   |
+---+---+---+---+---+---+---+---+---+
| 2 |   |   | 4 | 1 | 5 |   | 8 |   |
+---+---+---+---+---+---+---+---+---+
|   |   | 4 |   | 2 |   | 9 |   |   |
+---+---+---+---+---+---+---+---+---+
|   |   |   | 7 | 4 |   |   |   | 2 |
+---+---+---+---+---+---+---+---+---+
| 1 | 2 |   |   |   | 6 |   |   | 5 |
+---+---+---+---+---+---+---+---+---+

Id: b330754e8650
Difficulty: 1.2
