+---+---+---+---+---+---+---+---+---+
|   | 4 |   | 3 |   |   | 7 |   |   |
+---+---+---+---+---+---+---+---+---+
|   |   | 5 | 7 |   |   | 3 |   | 6 |
+---+---+---+---+---+---+---+---+---+
| 8 | 7 | 3 | 2 |   | 9 | 1 | 4 |   |
+---+---+---+---+---+---+---+---+---+
|   |   | 8 |   |   |   | 5 | 9 | 4 |
+---+---+---+---+---+---+---+---+---+
|   |   |   |   |   |   |   |   |   |
+---+---+---+---+---+---+---+---+---+
| 5 | 6 | 7 |   |   |   | 2 |   |   |
+---+---+---+---+---+---+---+---+---+
|   | 5 | 6 | 4 |   | 7 | 9 | 3 | 8 |
+---+---+---+---+---+---+---+---+---+
| 7 |   | 9 |   |   | 3 | 4 |   |   |
+---+---+---+---+---+---+---+---+---+
|   |   | 2 |   |   | 8 |   | 7 |   |
+---+---+---+---+---+---+---+---+---+

Id: c19f520fb9e0
Difficulty: 1.2
