+---+---+---+---+---+---+---+---+---+
| 5 |   |   |   |   |   | 1 |   | 2 |
+---+---+---+---+---+---+---+---+---+
|   | 1 |   | 9 | 3 | 2 | 4 | 6 |   |
+---+---+---+---+---+---+---+---+---+
| 6 | 2 |   |   |   | 1 |   |   |   |
+---+---+---+---+---+---+---+---+---+
|   | 6 | 1 |   | 7 |   |   | 2 |   |
+---+---+---+---+---+---+---+---+---+
|   | 8 |   | 1 |   | 5 |   | 7 |   |
+---+---+---+---+---+---+---+---+---+
|   | 7 |   |   | 9 |   | 8 | 3 |   |
+---+---+---+---+---+---+---+---+---+
|   |   |   | 4 |   |   |   | 5 | 3 |
+---+---+---+---+---+---+---+---+---+
|   | 3 | 6 | 7 | 5 | 9 |   | 1 |   |
+---+---+---+---+---+---+---+---+---+
| 1 |   | 7 |   |   |   |   |   | 9 |
+---+---+---+---+---+---+---+---+---+

Id: 7670500dd6f3
Difficulty: 1.2
