+---+---+---+---+---+---+---+---+---+
| 4 | 7 |   | 9 |   |   |   |   | 2 |
+---+---+---+---+---+---+---+---+---+
|   | 5 |   | 4 |   | 8 | 3 | 9 | 7 |
+---+---+---+---+---+---+---+---+---+
|   | 2 |   |   |   | 7 |   |   |   |
+---+---+---+---+---+---+---+---+---+
|   | 4 | 9 | 7 |   | 2 |   | 1 | 6 |
+---+---+---+---+---+---+---+---+---+
|   |   |   |   |   |   |   |   |   |
+---+---+---+---+---+---+---+---+---+
| 2 | 1 |   | 5 |   | 4 | 9 | 3 |   |
+---+---+---+---+---+---+---+---+---+
|   |   |   | 8 |   |   |   | 6 |   |
+---+---+---+---+---+---+---+---+---+
| 7 | 6 | 4 | 2 |   | 3 |   | 8 |   |
+---+---+---+---+---+---+---+---+---+
| 3 |   |   |   |   | 5 |   | 7 | 9 |
+---+---+---+---+---+---+---+---+---+

Id: 5454a298f14e
Difficulty: 1.2
