+---+---+---+---+---+---+---+---+---+
| 1 |   |   |   | 8 | 2 |   |   | 3 |
+---+---+---+---+---+---+---+---+---+
|   | 3 |   |   |   | 1 | 2 | 5 |   |
+---+---+---+---+---+---+---+---+---+
|   | 8 | 2 | 9 | 5 |   | 7 |   |   |
+---+---+---+---+---+---+---+---+---+
| 7 | 5 |   |   |   |   | 1 |   |   |
+---+---+---+---+---+---+---+---+---+
| 3 |   | 6 |   |   |   | 5 |   | 7 |
+---+---+---+---+---+---+---+---+---+
|   |   | 8 |   |   |   |   | 3 | 6 |
+---+---+---+---+---+---+---+---+---+
|   |   | 7 |   | 1 | 6 | 3 | 4 |   |
+---+---+---+---+---+---+---+---+---+
|   | 6 | 1 | 5 |   |   |   | 2 |   |
+---+---+---+---+---+---+---+---+---+
| 5 |   |   | 8 | 4 |   |   |   | 1 |
+---+---+---+---+---+---+---+---+---+

Id: 691e035ed544
Difficulty: 1.2
