+---+---+---+---+---+---+---+---+---+
| 1 |   |   |   |   | 8 |   |   | 6 |
+---+---+---+---+---+---+---+---+---+
|   | 7 | 9 |   |   | 1 | 5 | 8 |   |
+---+---+---+---+---+---+---+---+---+
|   | 8 |   | 4 |   |   |   | 2 |   |
+---+---+---+---+---+---+---+---+---+
| 6 | 5 |   | 3 |   | 4 | 8 |   |   |
+---+---+---+---+---+---+---+---+---+
|   |   |   |   |   |   |   |   |   |
+---+---+---+---+---+---+---+---+---+
|   |   | 4 | 9 |   | 5 |   | 6 | 1 |
+---+---+---+---+---+---+---+---+---+
|   | 6 |   |   |   | 9 |   | 5 |   |
+---+---+---+---+---+---+---+---+---+
|   | 9 | 5 | 1 |   |   | 2 | 7 |   |
+---+---+---+---+---+---+---+---+---+
| 4 |   |   | 8 |   |   |   |   | 9 |
+---+---+---+---+---+---+---+---+---+

Id: 350915e9ddff
Difficulty: 1.2
