+---+---+---+---+---+---+---+---+---+
|   |   | 9 |   | 7 | 3 |   | 5 |   |
+---+---+---+---+---+---+---+---+---+
| 7 | 5 |   | 4 |   |   | 8 | 3 |   |
+---+---+---+---+---+---+---+---+---+
|   | 3 |   |   |   | 8 |   |   | 4 |
+---+---+---+---+---+---+---+---+---+
| 8 |   | 5 | 9 |   | 2 |   | 7 |   |
+---+---+---+---+---+---+---+---+---+
| 1 |   |   |   | 3 |   |   |   | 8 |
+---+---+---+---+---+---+---+---+---+
|   | 7 |   | 8 |   | 4 | 5 |   | 9 |
+---+---+---+---+---+---+---+---+---+
| 5 |   |   | 6 |   |   |   | 8 |   |
+---+---+---+---+---+---+---+---+---+
|   | 1 | 4 |   |   | 9 |   | 6 | 5 |
+---+---+---+---+---+---+---+---+---+
|   | 6 |   | 3 | 2 |   | 4 |   |   |
+---+---+---+---+---+---+---+---+---+

Id: 3727e5d942e2
Difficulty: 1.2
