+---+---+---+---+---+---+---+---+---+
| 6 | 2 |   |   | 1 | 5 | 7 |   | 3 |
+---+---+---+---+---+---+---+---+---+
|   |   |   |   | 2 | 8 |   |   | 1 |
+---+---+---+---+---+---+---+---+---+
| 3 |   |   | 9 |   |   |   |   |   |
+---+---+---+---+---+---+---+---+---+
| 2 | 8 |   |   |   |   | 6 |   |   |
+---+---+---+---+---+---+---+---+---+
| 9 | 6 |   |   |   |   |   | 5 | 8 |
+---+---+---+---+---+---+---+---+---+
|   |   | 4 |   |   |   |   | 7 | 9 |
+---+---+---+---+---+---+---+---+---+
|   |   |   |   |   | 9 |   |   | 6 |
+---+---+---+---+---+---+---+---+---+
| 4 |   |   | 8 | 5 |   |   |   |   |
+---+---+---+---+---+---+---+---+---+
| 8 |   | 6 | 2 | 3 |   |   | 1 | 7 |
+---+---+---+---+---+---+---+---+---+

Id: 07cbb7548e26
Difficulty: 1.2
