+---+---+---+---+---+---+---+---+---+
|   | 4 |   |   |   |   |   | 3 | 1 |
+---+---+---+---+---+---+---+---+---+
|   |   |   |   | 3 |   |   | 6 | 5 |
+---+---+---+---+---+---+---+---+---+
|   |   |   |   |   |   | 9 | 8 |   |
+---+---+---+---+---+---+---+---+---+
|   |   | 8 | 5 | 4 |   | 2 | 9 | 6 |
+---+---+---+---+---+---+---+---+---+
|   |   |   | 1 |   | 9 |   |   |   |
+---+---+---+---+---+---+---+---+---+
| 6 | 9 | 5 |   | 2 | 7 | 3 |   |   |
+---+---+---+---+---+---+---+---+---+
|   | 5 | 4 |   |   |   |   |   |   |
+---+---+---+---+---+---+---+---+---+
| 8 | 2 |   |   | 5 |   |   |   |   |
+---+---+---+---+---+---+---+---+---+
| 1 | 7 |   |   |   |   |   | 2 |   |
+---+---+---+---+---+---+---+---+---+

Id: ce44da856900
Difficulty: 1.2
