+---+---+---+---+---+---+---+---+---+
|   |   | 1 |   | 7 |   | 4 | 8 |   |
+---+---+---+---+---+---+---+---+---+
| 3 | 6 |   |   |   |   | 7 | 5 |   |
+---+---+---+---+---+---+---+---+---+
| 8 | 9 |   |   | 4 |   |   |   | 3 |
+---+---+---+---+---+---+---+---+---+
|   |   |   | 9 | 1 | 8 |   |   |   |
+---+---+---+---+---+---+---+---+---+
| 9 |   | 8 | 7 |   | 6 | 5 |   | 2 |
+---+---+---+---+---+---+---+---+---+
|   |   |   | 4 | 5 | 2 |   |   |   |
+---+---+---+---+---+---+---+---+---+
| 4 |   |   |   | 8 |   |   | 1 | 7 |
+---+---+---+---+---+---+---+---+---+
|   | 8 | 5 |   |   |   |   | 6 | 4 |
+---+---+---+---+---+---+---+---+---+
|   | 2 | 9 |   | 6 |   | 8 |   |   |
+---+---+---+---+---+---+---+---+---+

Id: 8d3ca837f7f5
Difficulty: 1.2
