+---+---+---+---+---+---+---+---+---+
|   | 7 |   |   | 9 |   |   | 8 | 1 |
+---+---+---+---+---+---+---+---+---+
|   |   |   |   |   | 3 | 4 | 5 |   |
+---+---+---+---+---+---+---+---+---+
|   |   |   |   |   |   |   | 9 | 6 |
+---+---+---+---+---+---+---+---+---+
|   |   | 1 |   | 7 | 6 | 8 | 3 |   |
+---+---+---+---+---+---+---+---+---+
| 3 |   |   |   | 2 |   |   |   | 4 |
+---+---+---+---+---+---+---+---+---+
|   | 4 | 6 | 5 | 3 |   | 1 |   |   |
+---+---+---+---+---+---+---+---+---+
| 5 | 2 |   |   |   |   |   |   |   |
+---+---+---+---+---+---+---+---+---+
|   | 1 | 3 | 8 |   |   |   |   |   |
+---+---+---+---+---+---+---+---+---+
| 7 | 8 |   |   | 6 |   |   | 1 |   |
+---+---+---+---+---+---+---+---+---+

Id: 85c10081b30d
Difficulty: 1.2
