+---+---+---+---+---+---+---+---+---+
| 6 |   |   | 4 |   |   | 9 | 3 |   |
+---+---+---+---+---+---+---+---+---+
| 5 |   |   | 7 |   | 9 | 2 |   | 1 |
+---+---+---+---+---+---+---+---+---+
|   |   |   |   | 2 |   |   | 8 |   |
+---+---+---+---+---+---+---+---+---+
|   |   | 2 |   | 1 | 5 |   |   | 9 |
+---+---+---+---+---+---+---+---+---+
|   |   |   |   |   |   |   |   |   |
+---+---+---+---+---+---+---+---+---+
| 7 |   |   | 9 | 3 |   | 5 |   |   |
+---+---+---+---+---+---+---+---+---+
|   | 4 |   |   | 6 |   |   |   |   |
+---+---+---+---+---+---+---+---+---+
| 2 |   | 6 | 8 |   | 3 |   |   | 4 |
+---+---+---+---+---+---+---+---+---+
|   | 1 | 3 |   |   | 7 |   |   | 8 |
+---+---+---+---+---+---+---+---+---+

Id: 96488a08bd8c
Difficulty: 1.2
