+---+---+---+---+---+---+---+---+---+
| 8 |   |   |   | 7 |   |   |   | 1 |
+---+---+---+---+---+---+---+---+---+
|   |   |   | 9 |   | 6 |   |   |   |
+---+---+---+---+---+---+---+---+---+
| 9 | 7 |   | 2 |   | 8 |   | 3 | 4 |
+---+---+---+---+---+---+---+---+---+
|   |   |   |   |   |   |   |   |   |
+---+---+---+---+---+---+---+---+---+
|   |   |   | 7 | 5 | 9 |   |   |   |
+---+---+---+---+---+---+---+---+---+
| 3 | 6 | 7 |   |   |   | 9 | 4 | 5 |
+---+---+---+---+---+---+---+---+---+
|   |   | 4 |   |   |   | 3 |   |   |
+---+---+---+---+---+---+---+---+---+
|   | 3 |   | 6 | 4 | 7 |   | 5 |   |
+---+---+---+---+---+---+---+---+---+
| 6 |   |   | 1 |   | 3 |   |   | 8 |
+---+---+---+---+---+---+---+---+---+

Id: 231973dfc5b8
Difficulty: 1.2
