+---+---+---+---+---+---+---+---+---+
|   |   | 1 | 6 |   |   | 4 |   |   |
+---+---+---+---+---+---+---+---+---+
| 7 | 9 |   |   | 5 |   |   |   |   |
+---+---+---+---+---+---+---+---+---+
| 5 | 3 |   | 4 |   |   |   |   |   |
+---+---+---+---+---+---+---+---+---+
| 6 | 4 |   | 3 |   | 8 |   | 9 |   |
+---+---+---+---+---+---+---+---+---+
|   | 7 |   |   |   |   |   | 8 |   |
+---+---+---+---+---+---+---+---+---+
|   | 8 |   | 9 |   | 5 |   | 4 | 1 |
+---+---+---+---+---+---+---+---+---+
|   |   |   |   |   | 1 |   | 3 | 8 |
+---+---+---+---+---+---+---+---+---+
|   |   |   |   | 3 |   |   | 6 | 4 |
+---+---+---+---+---+---+---+---+---+
|   |   | 3 |   |   | 4 | 1 |   |   |
+---+---+---+---+---+---+---+---+---+

Id: 6448e0794978
Difficulty: 1.2
