+---+---+---+---+---+---+---+---+---+
|   |   | 6 | 3 |   | 8 | 5 |   |   |
+---+---+---+---+---+---+---+---+---+
|   | 8 |   |   |   |   |   | 3 |   |
+---+---+---+---+---+---+---+---+---+
| 3 |   | 9 |   |   |   | 2 |   | 4 |
+---+---+---+---+---+---+---+---+---+
|   | 5 |   | 1 | 3 | 2 |   | 7 |   |
+---+---+---+---+---+---+---+---+---+
|   | 2 |   |   |   |   |   | 9 |   |
+---+---+---+---+---+---+---+---+---+
| 1 |   |   | 9 | 8 | 6 |   |   | 2 |
+---+---+---+---+---+---+---+---+---+
| 8 |   |   |   | 5 |   |   |   | 3 |
+---+---+---+---+---+---+---+---+---+
| 5 |   |   | 8 | 1 | 3 |   |   | 7 |
+---+---+---+---+---+---+---+---+---+
|   |   |   |   | 6 |   |   |   |   |
+---+---+---+---+---+---+---+---+---+

Id: a70b81e08fd4
Difficulty: 1.2
