+---+---+---+---+---+---+---+---+---+
| 6 |   |   |   | 9 |   |   |   | 1 |
+---+---+---+---+---+---+---+---+---+
|   | 9 | 8 | 5 |   |   | 6 | 3 |   |
+---+---+---+---+---+---+---+---+---+
|   | 1 | 3 |   |   | 8 | 7 | 5 |   |
+---+---+---+---+---+---+---+---+---+
|   |   | 6 |   | 4 |   |   | 1 |   |
+---+---+---+---+---+---+---+---+---+
| 7 |   |   | 9 |   | 5 |   |   | 8 |
+---+---+---+---+---+---+---+---+---+
|   | 5 |   |   | 3 |   | 9 |   |   |
+---+---+---+---+---+---+---+---+---+
|   | 6 | 4 | 7 |   |   | 1 | 9 |   |
+---+---+---+---+---+---+---+---+---+
|   | 8 | 9 |   |   | 3 | 5 | 7 |   |
+---+---+---+---+---+---+---+---+---+
| 3 |   |   |   | 5 |   |   |   | 6 |
+---+---+---+---+---+---+---+---+---+

Id: ebf35befe44c
Difficulty: 1.2
