+---+---+---+---+---+---+---+---+---+
| 5 |   |   |   |   | 2 |   | 1 | 6 |
+---+---+---+---+---+---+---+---+---+
| 1 |   |   | 8 | 3 |   | 5 |   |   |
+---+---+---+---+---+---+---+---+---+
|   | 8 |   | 5 |   |   |   |   |   |
+---+---+---+---+---+---+---+---+---+
| 9 |   |   |   | 7 |   | 2 | 6 |   |
+---+---+---+---+---+---+---+---+---+
|   | 3 |   | 2 |   | 4 |   | 8 |   |
+---+---+---+---+---+---+---+---+---+
|   | 1 | 8 |   | 9 |   |   |   | 7 |
+---+---+---+---+---+---+---+---+---+
|   |   |   |   |   | 5 |   | 9 |   |
+---+---+---+---+---+---+---+---+---+
|   |   | 1 |   | 8 | 6 |   |   | 4 |
+---+---+---+---+---+---+---+---+---+
| 8 | 6 |   | 4 |   |   |   |   | 5 |
+---+---+---+---+---+---+---+---+---+

Id: 59609ac337b7
Difficulty: 1.2
