+---+---+---+---+---+---+---+---+---+
|   | 8 |   | 1 | 7 |   |   | 5 |   |
+---+---+---+---+---+---+---+---+---+
| 7 |   | 9 |   | 6 |   |   |   | 8 |
+---+---+---+---+---+---+---+---+---+
|   |   | 1 | 8 |   | 2 | 6 | 9 |   |
+---+---+---+---+---+---+---+---+---+
|   |   | 7 |   |   |   | 5 |   | 9 |
+---+---+---+---+---+---+---+---+---+
| 8 | 9 |   |   | 5 |   |   | 4 | 1 |
+---+---+---+---+---+---+---+---+---+
| 5 |   | 4 |   |   |   | 3 |   |   |
+---+---+---+---+---+---+---+---+---+
|   | 7 | 3 | 5 |   | 8 | 9 |   |   |
+---+---+---+---+---+---+---+---+---+
| 9 |   |   |   | 2 |   | 1 |   | 5 |
+---+---+---+---+---+---+---+---+---+
|   | 4 |   |   | 9 | 6 |   | 7 |   |
+---+---+---+---+---+---+---+---+---+

Id: 859537480d14
Difficulty: 1.2
