+---+---+---+---+---+---+---+---+---+
|   | 3 | 7 |   | 4 | 8 |   | 5 |   |
+---+---+---+---+---+---+---+---+---+
| 6 |   | 2 |   |   |   |   |   | 7 |
+---+---+---+---+---+---+---+---+---+
|   |   |   |   |   | 3 |   | 4 | 1 |
+---+---+---+---+---+---+---+---+---+
| 4 |   | 1 | 6 |   | 9 |   |   |   |
+---+---+---+---+---+---+---+---+---+
| 8 |   |   |   |   |   |   |   | 3 |
+---+---+---+---+---+---+---+---+---+
|   |   |   | 1 |   | 7 | 5 |   | 4 |
+---+---+---+---+---+---+---+---+---+
| 2 | 9 |   | 8 |   |   |   |   |   |
+---+---+---+---+---+---+---+---+---+
| 5 |   |   |   |   |   | 4 |   | 6 |
+---+---+---+---+---+---+---+---+---+
|   | 6 |   | 4 | 5 |   | 8 | 9 |   |
+---+---+---+---+---+---+---+---+---+

Id: bc14e63a933b
Difficulty: 1.2
