+---+---+---+---+---+---+---+---+---+
|   |   |   |   | 3 |   |   | 9 |   |
+---+---+---+---+---+---+---+---+---+
| 5 | 7 | 9 |   | 4 | 1 | 3 | 6 |   |
+---+---+---+---+---+---+---+---+---+
|   | 1 | 3 |   |   | 6 | 4 | 8 |   |
+---+---+---+---+---+---+---+---+---+
|   | 9 | 6 |   |   |   |   |   |   |
+---+---+---+---+---+---+---+---+---+
| 7 | 3 |   |   | 5 |   |   | 4 | 9 |
+---+---+---+---+---+---+---+---+---+
|   |   |   |   |   |   | 6 | 2 |   |
+---+---+---+---+---+---+---+---+---+
|   | 5 | 1 | 3 |   |   | 9 | 7 |   |
+---+---+---+---+---+---+---+---+---+
|   | 2 | 4 | 1 | 7 |   | 8 | 3 | 6 |
+---+---+---+---+---+---+---+---+---+
|   | 6 |   |   | 8 |   |   |   |   |
+---+---+---+---+---+---+---+---+---+

Id: 3c4a1bb13127
Difficulty: 1.2
