+---+---+---+---+---+---+---+---+---+
|   |   |   | 2 | 5 |   | 8 | 9 |   |
+---+---+---+---+---+---+---+---+---+
| 9 | 5 |   |   | 6 |   |   | 3 |   |
+---+---+---+---+---+---+---+---+---+
| 2 |   |   |   |   | 8 |   |   |   |
+---+---+---+---+---+---+---+---+---+
|   |   | 6 |   | 7 |   |   |   | 1 |
+---+---+---+---+---+---+---+---+---+
| 1 | 2 |   | 6 |   | 5 |   | 4 | 3 |
+---+---+---+---+---+---+---+---+---+
| 8 |   |   |   | 9 |   | 6 |   |   |
+---+---+---+---+---+---+---+---+---+
|   |   |   | 5 |   |   |   |   | 9 |
+---+---+---+---+---+---+---+---+---+
|   | 7 |   |   | 4 |   |   | 6 | 8 |
+---+---+---+---+---+---+---+---+---+
|   | 1 | 9 |   | 3 | 7 |   |   |   |
+---+---+---+---+---+---+---+---+---+

Id: 21cabeb55664
Difficulty: 1.2
