+---+---+---+---+---+---+---+---+---+
| 2 | 5 |   | 8 |   | 4 |   | 7 | 6 |
+---+---+---+---+---+---+---+---+---+
|   |   |   |   |   |   |   |   |   |
+---+---+---+---+---+---+---+---+---+
| 7 | 3 |   |   |   |   |   | 8 | 1 |
+---+---+---+---+---+---+---+---+---+
|   |   |   |   | 6 |   |   |   |   |
+---+---+---+---+---+---+---+---+---+
|   |   |   | 7 |   | 1 |   |   |   |
+---+---+---+---+---+---+---+---+---+
| 1 | 8 |   | 4 |   | 3 |   | 2 | 7 |
+---+---+---+---+---+---+---+---+---+
|   |   | 7 |   | 8 |   | 3 |   |   |
+---+---+---+---+---+---+---+---+---+
| 6 |   | 8 | 3 |   | 2 | 7 |   | 4 |
+---+---+---+---+---+---+---+---+---+
|   | 1 |   |   |   |   |   | 9 |   |
+---+---+---+---+---+---+---+---+---+

Id: b8aa8b182974
Difficulty: 1.2
