+---+---+---+---+---+---+---+---+---+
| 5 |   | 9 |   |   | 2 | 3 | 8 | 7 |
+---+---+---+---+---+---+---+---+---+
| 1 |   |   | 9 |   | 3 |   |   |   |
+---+---+---+---+---+---+---+---+---+
| 8 |   |   |   |   |   |   |   | 9 |
+---+---+---+---+---+---+---+---+---+
| 2 | 3 |   | 4 |   | 6 |   | 9 |   |
+---+---+---+---+---+---+---+---+---+
|   |   |   |   |   |   |   |   |   |
+---+---+---+---+---+---+---+---+---+
|   | 7 |   | 5 |   | 1 |   | 3 | 8 |
+---+---+---+---+---+---+---+---+---+
| 6 |   |   |   |   |   |   |   | 3 |
+---+---+---+---+---+---+---+---+---+
|   |   |   | 2 |   | 8 |   |   | 1 |
+---+---+---+---+---+---+---+---+---+
| 7 | 9 | 2 | 3 |   |   | 8 |   | 6 |
+---+---+---+---+---+---+---+---+---+

Id: 7358b00b170d
Difficulty: 1.2
