+---+---+---+---+---+---+---+---+---+
|   |   | 7 |   | 6 |   |   |   |   |
+---+---+---+---+---+---+---+---+---+
|   | 2 | 4 |   |   | 9 | 1 | 7 |   |
+---+---+---+---+---+---+---+---+---+
|   | 3 |   | 7 |   |   |   | 4 | 9 |
+---+---+---+---+---+---+---+---+---+
|   | 6 |   | 1 |   | 5 | 3 |   |   |
+---+---+---+---+---+---+---+---+---+
| 8 |   |   |   | 7 |   |   |   | 4 |
+---+---+---+---+---+---+---+---+---+
|   |   | 3 | 6 |   | 8 |   | 9 |   |
+---+---+---+---+---+---+---+---+---+
| 3 | 8 |   |   |   | 4 |   | 2 |   |
+---+---+---+---+---+---+---+---+---+
|   | 4 | 1 | 2 |   |   | 8 | 6 |   |
+---+---+---+---+---+---+---+---+---+
|   |   |   |   | 9 |   | 4 |   |   |
+---+---+---+---+---+---+---+---+---+

Id: 744713741c04
Difficulty: 1.2
