+---+---+---+---+---+---+---+---+---+
| 3 |   |   |   |   |   | 4 | 9 | 2 |
+---+---+---+---+---+---+---+---+---+
| 6 | 4 |   | 2 |   |   |   |   | 7 |
+---+---+---+---+---+---+---+---+---+
|   | 8 |   |   |   |   |   |   | 5 |
+---+---+---+---+---+---+---+---+---+
|   | 9 |   | 7 |   | 2 |   |   |   |
+---+---+---+---+---+---+---+---+---+
|   |   | 3 | 6 |   | 5 | 7 |   |   |
+---+---+---+---+---+---+---+---+---+
|   |   |   | 4 |   | 1 |   | 2 |   |
+---+---+---+---+---+---+---+---+---+
| 7 |   |   |   |   |   |   | 8 |   |
+---+---+---+---+---+---+---+---+---+
| 8 |   |   |   |   | 7 |   | 1 | 6 |
+---+---+---+---+---+---+---+---+---+
| 1 | 6 | 5 |   |   |   |   |   | 9 |
+---+---+---+---+---+---+---+---+---+

Id: 2dc681d33279
Difficulty: 1.2
