+---+---+---+---+---+---+---+---+---+
| 7 |   |   |   |   |   |   | 4 | 3 |
+---+---+---+---+---+---+---+---+---+
| 9 |   | 4 | 7 |   | 1 | 2 |   |   |
+---+---+---+---+---+---+---+---+---+
|   | 5 | 8 |   |   | 3 | 7 | 1 |   |
+---+---+---+---+---+---+---+---+---+
|   | 7 | 3 | 9 |   | 8 |   | 6 |   |
+---+---+---+---+---+---+---+---+---+
|   |   |   |   | 5 |   |   |   |   |
+---+---+---+---+---+---+---+---+---+
|   | 9 |   | 6 |   | 4 | 3 | 8 |   |
+---+---+---+---+---+---+---+---+---+
|   | 8 | 9 | 1 |   |   | 5 | 7 |   |
+---+---+---+---+---+---+---+---+---+
|   |   | 5 | 8 |   | 9 | 6 |   | 2 |
+---+---+---+---+---+---+---+---+---+
| 3 | 2 |   |   |   |   |   |   | 8 |
+---+---+---+---+---+---+---+---+---+

Id: 8e239e81ae07
Difficulty: 1.2
