+---+---+---+---+---+---+---+---+---+
| 7 |   |   |   | 2 |   | 1 | 9 | 5 |
+---+---+---+---+---+---+---+---+---+
| 8 | 2 |   |   | 5 | 9 |   | 6 |   |
+---+---+---+---+---+---+---+---+---+
| 9 |   | 6 |   | 4 |   | 8 |   |   |
+---+---+---+---+---+---+---+---+---+
|   | 9 |   |   |   |   |   |   |   |
+---+---+---+---+---+---+---+---+---+
| 3 | 6 | 2 |   |   |   | 7 | 5 | 9 |
+---+---+---+---+---+---+---+---+---+
|   |   |   |   |   |   |   | 3 |   |
+---+---+---+---+---+---+---+---+---+
|   |   | 7 |   | 9 |   | 3 |   | 4 |
+---+---+---+---+---+---+---+---+---+
|   | 3 |   | 4 | 7 |   |   | 1 | 6 |
+---+---+---+---+---+---+---+---+---+
| 4 | 8 | 9 |   | 1 |   |   |   | 7 |
+---+---+---+---+---+---+---+---+---+

Id: 937627ab37e3
Difficulty: 1.2
