+---+---+---+---+---+---+---+---+---+
|   |   |   | 2 |   | 1 | 6 |   |   |
+---+---+---+---+---+---+---+---+---+
|   | 8 |   | 4 |   |   |   | 5 |   |
+---+---+---+---+---+---+---+---+---+
| 7 |   | 6 |   | 5 | 9 | 1 |   |   |
+---+---+---+---+---+---+---+---+---+
| 2 |   | 1 | 5 |   | 7 |   | 6 | 8 |
+---+---+---+---+---+---+---+---+---+
|   |   | 7 |   |   |   | 2 |   |   |
+---+---+---+---+---+---+---+---+---+
| 6 | 4 |   | 9 |   | 2 | 3 |   | 5 |
+---+---+---+---+---+---+---+---+---+
|   |   | 3 | 7 | 8 |   | 5 |   | 6 |
+---+---+---+---+---+---+---+---+---+
|   | 7 |   |   |   | 6 |   | 3 |   |
+---+---+---+---+---+---+---+---+---+
|   |   | 4 | 3 |   | 5 |   |   |   |
+---+---+---+---+---+---+---+---+---+

Id: 938ccee95b3d
Difficulty: 1.2
