+---+---+---+---+---+---+---+---+---+
|   | 1 |   |   |   |   |   |   |   |
+---+---+---+---+---+---+---+---+---+
|   | 6 | 5 | 7 | 9 |   |   | 8 | 4 |
+---+---+---+---+---+---+---+---+---+
|   |   | 8 |   |   | 6 | 9 | 5 |   |
+---+---+---+---+---+---+---+---+---+
|   |   | 3 | 6 |   | 4 |   | 7 |   |
+---+---+---+---+---+---+---+---+---+
|   | 5 |   |   |   |   |   | 2 |   |
+---+---+---+---+---+---+---+---+---+
|   | 9 |   | 2 |   | 3 | 5 |   |   |
+---+---+---+---+---+---+---+---+---+
|   | 4 | 9 | 3 |   |   | 2 |   |   |
+---+---+---+---+---+---+---+---+---+
| 2 | 8 |   |   | 4 | 9 | 3 | 6 |   |
+---+---+---+---+---+---+---+---+---+
|   |   |   |   |   |   |   | 9 |   |
+---+---+---+---+---+---+---+---+---+

Id: 38247ca43411
Difficulty: 1.2
