+---+---+---+---+---+---+---+---+---+
|   |   |   | 9 |   |   |   | 2 |   |
+---+---+---+---+---+---+---+---+---+
| 9 |   | 2 |   | 7 | 6 | 4 |   |   |
+---+---+---+---+---+---+---+---+---+
|   | 5 |   |   | 4 | 2 |   | 1 |   |
+---+---+---+---+---+---+---+---+---+
|   | 9 | 8 | 2 |   | 3 |   |   | 4 |
+---+---+---+---+---+---+---+---+---+
|   | 3 | 4 |   | 1 |   | 9 | 8 |   |
+---+---+---+---+---+---+---+---+---+
| 5 |   |   | 4 |   | 8 | 1 | 6 |   |
+---+---+---+---+---+---+---+---+---+
|   | 1 |   | 7 | 3 |   |   | 5 |   |
+---+---+---+---+---+---+---+---+---+
|   |   | 3 | 8 | 5 |   | 2 |   | 7 |
+---+---+---+---+---+---+---+---+---+
|   | 7 |   |   |   | 9 |   |   |   |
+---+---+---+---+---+---+---+---+---+

Id: ffdf238f0928
Difficulty: 1.2
