+---+---+---+---+---+---+---+---+---+
|   |   |   |   | 5 |   |   |   |   |
+---+---+---+---+---+---+---+---+---+
| 1 | 4 |   | 2 | 9 | 7 |   | 5 | 6 |
+---+---+---+---+---+---+---+---+---+
| 7 |   |   | 6 |   | 1 |   |   | 3 |
+---+---+---+---+---+---+---+---+---+
|   |   |   | 5 |   | 8 |   |   |   |
+---+---+---+---+---+---+---+---+---+
|   |   | 5 |   | 1 |   | 2 |   |   |
+---+---+---+---+---+---+---+---+---+
|   | 1 |   | 3 | 2 | 4 |   | 8 |   |
+---+---+---+---+---+---+---+---+---+
|   | 6 |   |   |   |   |   | 9 |   |
+---+---+---+---+---+---+---+---+---+
| 5 |   | 9 |   | 4 |   | 3 |   | 8 |
+---+---+---+---+---+---+---+---+---+
|   | 7 |   |   |   |   |   | 6 |   |
+---+---+---+---+---+---+---+---+---+

Id: 5a411ea94a97
Difficulty: 1.2
