+---+---+---+---+---+---+---+---+---+
|   | 2 |   | 5 |   |   | 3 | 9 |   |
+---+---+---+---+---+---+---+---+---+
|   |   |   |   | 7 |   | 1 | 2 | 6 |
+---+---+---+---+---+---+---+---+---+
| 6 | 9 |   |   |   |   |   |   |   |
+---+---+---+---+---+---+---+---+---+
|   | 7 | 3 |   |   | 9 |   |   | 8 |
+---+---+---+---+---+---+---+---+---+
|   |   | 2 |   |   |   | 7 |   |   |
+---+---+---+---+---+---+---+---+---+
| 8 |   |   | 6 |   |   | 9 | 5 |   |
+---+---+---+---+---+---+---+---+---+
|   |   |   |   |   |   |   | 4 | 1 |
+---+---+---+---+---+---+---+---+---+
| 2 | 4 | 1 |   | 8 |   |   |   |   |
+---+---+---+---+---+---+---+---+---+
|   | 5 | 6 |   |   | 1 |   | 3 |   |
+---+---+---+---+---+---+---+---+---+

Id: 4b71a36db106
Difficulty: 1.2
