+---+---+---+---+---+---+---+---+---+
| 1 | 2 | 9 |   |   | 6 | 4 |   | 3 |
+---+---+---+---+---+---+---+---+---+
|   |   |   |   |   |   | 6 |   | 9 |
+---+---+---+---+---+---+---+---+---+
| 7 | 4 |   | 1 |   |   |   |   | 8 |
+---+---+---+---+---+---+---+---+---+
| 2 |   |   | 6 |   | 4 | 7 |   |   |
+---+---+---+---+---+---+---+---+---+
|   |   |   |   | 9 |   |   |   |   |
+---+---+---+---+---+---+---+---+---+
|   |   | 7 | 8 |   | 2 |   |   | 6 |
+---+---+---+---+---+---+---+---+---+
| 9 |   |   |   |   | 8 |   | 4 | 1 |
+---+---+---+---+---+---+---+---+---+
| 3 |   | 4 |   |   |   |   |   |   |
+---+---+---+---+---+---+---+---+---+
| 8 |   | 1 | 4 |   |   | 9 | 3 | 7 |
+---+---+---+---+---+---+---+---+---+

Id: 5b9e1f4cfb53
Difficulty: 1.2
