+---+---+---+---+---+---+---+---+---+
| 4 |   |   | 7 |   |   | 6 |   | 9 |
+---+---+---+---+---+---+---+---+---+
|   | 9 | 5 | 4 |   | 6 |   | 3 |   |
+---+---+---+---+---+---+---+---+---+
| 7 |   | 6 |   |   | 3 | 5 | 1 |   |
+---+---+---+---+---+---+---+---+---+
|   | 7 | 9 |   |   |   |   | 5 | 1 |
+---+---+---+---+---+---+---+---+---+
|   |   |   |   | 3 |   |   |   |   |
+---+---+---+---+---+---+---+---+---+
| 5 | 3 |   |   |   |   | 4 | 9 |   |
+---+---+---+---+---+---+---+---+---+
|   | 6 | 1 | 8 |   |   | 2 |   | 5 |
+---+---+---+---+---+---+---+---+---+
|   | 5 |   | 3 |   | 2 | 1 | 4 |   |
+---+---+---+---+---+---+---+---+---+
| 2 |   | 7 |   |   | 1 |   |   | 3 |
+---+---+---+---+---+---+---+---+---+

Id: db137097fb4e
Difficulty: 1.2
