+---+---+---+---+---+---+---+---+---+
|   |   |   |   |   |   |   |   |   |
+---+---+---+---+---+---+---+---+---+
|   | 8 |   |   | 6 |   |   | 4 |   |
+---+---+---+---+---+---+---+---+---+
| 5 | 1 |   |   |   |   |   | 6 | 9 |
+---+---+---+---+---+---+---+---+---+
|   | 2 |   | 4 |   | 9 |   | 3 |   |
+---+---+---+---+---+---+---+---+---+
| 4 |   |   |   | 8 |   |   |   | 7 |
+---+---+---+---+---+---+---+---+---+
| 9 |   | 7 | 5 |   | 6 | 8 |   | 4 |
+---+---+---+---+---+---+---+---+---+
|   | 5 |   | 3 |   | 8 |   | 9 |   |
+---+---+---+---+---+---+---+---+---+
|   |   | 2 | 1 |   | 7 | 6 |   |   |
+---+---+---+---+---+---+---+---+---+
|   |   | 8 |   | 9 |   | 2 |   |   |
+---+---+---+---+---+---+---+---+---+

Id: 426080b478eb
Difficulty: 1.2
