+---+---+---+---+---+---+---+---+---+
| 8 |   |   | 3 |   |   |   |   | 4 |
+---+---+---+---+---+---+---+---+---+
|   | 2 |   |   |   | 4 | 7 | 8 |   |
+---+---+---+---+---+---+---+---+---+
|   | 4 |   | 2 | 5 |   |   |   |   |
+---+---+---+---+---+---+---+---+---+
|   | 5 |   |   | 2 |   | 4 |   | 8 |
+---+---+---+---+---+---+---+---+---+
|   |   | 7 | 4 | 1 | 5 | 2 |   |   |
+---+---+---+---+---+---+---+---+---+
| 4 |   | 2 |   | 9 |   |   | 7 |   |
+---+---+---+---+---+---+---+---+---+
|   |   |   |   | 8 | 2 |   | 6 |   |
+---+---+---+---+---+---+---+---+---+
|   | 7 | 3 | 6 |   |   |   | 5 |   |
+---+---+---+---+---+---+---+---+---+
| 5 |   |   |   |   | 7 |   |   | 2 |
+---+---+---+---+---+---+---+---+---+

Id: 04f2885d3088
Difficulty: 1.2
