+---+---+---+---+---+---+---+---+---+
|   | 1 |   |   | 3 |   |   | 7 |   |
+---+---+---+---+---+---+---+---+---+
| 3 |   |   |   | 6 | 5 |   |   | 2 |
+---+---+---+---+---+---+---+---+---+
|   |   | 8 | 2 |   |   | 4 |   |   |
+---+---+---+---+---+---+---+---+---+
|   | 6 |   | 9 | 7 | 3 | 2 |   |   |
+---+---+---+---+---+---+---+---+---+
| 9 | 2 |   | 6 |   | 4 |   | 8 | 3 |
+---+---+---+---+---+---+---+---+---+
|   |   | 3 | 1 | 8 | 2 |   | 9 |   |
+---+---+---+---+---+---+---+---+---+
|   |   | 6 |   |   | 1 | 3 |   |   |
+---+---+---+---+---+---+---+---+---+
| 1 |   |   | 8 | 2 |   |   |   | 7 |
+---+---+---+---+---+---+---+---+---+
|   | 8 |   |   | 9 |   |   | 6 |   |
+---+---+---+---+---+---+---+---+---+

Id: 48bb1d0e0178
Difficulty: 1.2
