+---+---+---+---+---+---+---+---+---+
| 2 | 7 |   | 8 | 3 |   |   |   | 1 |
+---+---+---+---+---+---+---+---+---+
|   |   |   | 9 | 1 | 2 | 3 |   | 7 |
+---+---+---+---+---+---+---+---+---+
|   | 9 |   |   |   | 6 |   |   |   |
+---+---+---+---+---+---+---+---+---+
|   | 5 | 7 |   |   |   |   | 4 | 3 |
+---+---+---+---+---+---+---+---+---+
| 8 | 4 |   |   |   |   |   | 7 | 6 |
+---+---+---+---+---+---+---+---+---+
| 6 | 1 |   |   |   |   | 5 | 9 |   |
+---+---+---+---+---+---+---+---+---+
|   |   |   | 6 |   |   |   | 1 |   |
+---+---+---+---+---+---+---+---+---+
| 1 |   | 9 | 4 | 5 | 7 |   |   |   |
+---+---+---+---+---+---+---+---+---+
| 7 |   |   |   | 8 | 9 |   | 3 | 5 |
+---+---+---+---+---+---+---+---+---+

Id: d6ab518432fe
Difficulty: 1.2
