+---+---+---+---+---+---+---+---+---+
| 6 |   | 3 |   | 4 |   | 2 |   | 5 |
+---+---+---+---+---+---+---+---+---+
|   | 4 | 7 |   |   |   |   | 3 |   |
+---+---+---+---+---+---+---+---+---+
| 5 |   |   | 8 |   |   |   | 4 | 7 |
+---+---+---+---+---+---+---+---+---+
|   |   |   | 6 | 1 | 8 | 5 |   |   |
+---+---+---+---+---+---+---+---+---+
| 7 |   |   | 3 |   | 4 |   |   | 1 |
+---+---+---+---+---+---+---+---+---+
|   |   | 8 | 7 | 2 | 5 |   |   |   |
+---+---+---+---+---+---+---+---+---+
| 1 | 2 |   |   |   | 3 |   |   | 6 |
+---+---+---+---+---+---+---+---+---+
|   | 7 |   |   |   |   | 4 | 1 |   |
+---+---+---+---+---+---+---+---+---+
| 8 |   | 4 |   | 7 |   | 3 |   | 2 |
+---+---+---+---+---+---+---+---+---+

Id: 79880e6b2b52
Difficulty: 1.2
