+---+---+---+---+---+---+---+---+---+
| 2 |   | 1 |   | 8 |   |   |   |   |
+---+---+---+---+---+---+---+---+---+
|   | 4 |   |   |   | 6 |   | 1 |   |
+---+---+---+---+---+---+---+---+---+
|   | 9 | 5 |   | 2 |   |   |   |   |
+---+---+---+---+---+---+---+---+---+
|   |   | 4 | 8 |   |   |   | 7 | 6 |
+---+---+---+---+---+---+---+---+---+
|   | 8 | 6 |   |   |   | 1 | 9 |   |
+---+---+---+---+---+---+---+---+---+
| 1 | 3 |   |   |   | 7 | 4 |   |   |
+---+---+---+---+---+---+---+---+---+
|   |   |   |   | 4 |   | 2 | 3 |   |
+---+---+---+---+---+---+---+---+---+
|   | 1 |   | 2 |   |   |   | 8 |   |
+---+---+---+---+---+---+---+---+---+
|   |   |   |   | 6 |   | 9 |   | 1 |
+---+---+---+---+---+---+---+---+---+

Id: 8ac4de2c453b
Difficulty: 1.2
