+---+---+---+---+---+---+---+---+---+
|   | 5 | 4 |   | 1 |   | 9 |   |   |
+---+---+---+---+---+---+---+---+---+
|   | 7 | 6 |   | 2 | 3 |   | 1 | 8 |
+---+---+---+---+---+---+---+---+---+
| 1 |   |   | 7 |   |   |   | 2 | 6 |
+---+---+---+---+---+---+---+---+---+
|   | 6 |   |   |   |   | 1 |   |   |
+---+---+---+---+---+---+---+---+---+
| 8 | 2 |   |   |   |   |   | 9 | 7 |
+---+---+---+---+---+---+---+---+---+
|   |   | 1 |   |   |   |   | 8 |   |
+---+---+---+---+---+---+---+---+---+
| 4 | 8 |   |   |   | 9 |   |   | 5 |
+---+---+---+---+---+---+---+---+---+
| 5 | 1 |   | 2 | 4 |   | 8 | 6 |   |
+---+---+---+---+---+---+---+---+---+
|   |   | 2 |   | 8 |   | 7 | 4 |   |
+---+---+---+---+---+---+---+---+---+

Id: 7dbcbd95d39b
Difficulty: 1.2
