+---+---+---+---+---+---+---+---+---+
|   | 1 |   |   |   | 3 | 2 | 7 |   |
+---+---+---+---+---+---+---+---+---+
|   | 8 | 2 |   | 4 |   |   |   |   |
+---+---+---+---+---+---+---+---+---+
| 3 | 7 |   |   | 2 | 1 |   |   | 6 |
+---+---+---+---+---+---+---+---+---+
|   | 4 |   | 1 |   |   |   |   |   |
+---+---+---+---+---+---+---+---+---+
| 8 |   |   |   |   |   |   |   | 4 |
+---+---+---+---+---+---+---+---+---+
|   |   |   |   |   | 4 |   | 5 |   |
+---+---+---+---+---+---+---+---+---+
| 1 |   |   | 7 | 9 |   |   | 3 | 5 |
+---+---+---+---+---+---+---+---+---+
|   |   |   |   | 6 |   | 7 | 9 |   |
+---+---+---+---+---+---+---+---+---+
|   | 6 | 7 | 3 |   |   |   | 4 |   |
+---+---+---+---+---+---+---+---+---+

Id: f0d9d8408ecf
Difficulty: 1.2
