+---+---+---+---+---+---+---+---+---+
| 6 |   | 5 | 3 |   |   |   | 7 | 8 |
+---+---+---+---+---+---+---+---+---+
| 1 |   |   | 7 | 6 | 5 | 9 |   |   |
+---+---+---+---+---+---+---+---+---+
|   | 4 |   |   |   | 9 |   |   | 6 |
+---+---+---+---+---+---+---+---+---+
|   | 1 | 8 |   |   |   |   | 4 | 3 |
+---+---+---+---+---+---+---+---+---+
|   | 3 |   |   | 7 |   |   | 2 |   |
+---+---+---+---+---+---+---+---+---+
| 4 | 7 |   |   |   |   | 6 | 8 |   |
+---+---+---+---+---+---+---+---+---+
| 8 |   |   | 9 |   |   |   | 6 |   |
+---+---+---+---+---+---+---+---+---+
|   |   | 1 | 4 | 2 | 3 |   |   | 7 |
+---+---+---+---+---+---+---+---+---+
| 7 | 2 |   |   |   | 8 | 4 |   | 1 |
+---+---+---+---+---+---+---+---+---+

Id: 265d1f87bed7
Difficulty: 1.2
