+---+---+---+---+---+---+---+---+---+
|   |   |   | 9 | 5 |   |   | 4 |   |
+---+---+---+---+---+---+---+---+---+
| 3 | 9 | 4 | 7 |   |   | 8 | 6 |   |
+---+---+---+---+---+---+---+---+---+
|   | 2 |   | 8 |   |   |   | 9 |   |
+---+---+---+---+---+---+---+---+---+
|   |   |   |   |   |   | 4 | 1 | 8 |
+---+---+---+---+---+---+---+---+---+
| 2 |   |   |   |   |   |   |   | 9 |
+---+---+---+---+---+---+---+---+---+
| 8 | 5 | 1 |   |   |   |   |   |   |
+---+---+---+---+---+---+---+---+---+
|   | 8 |   |   |   | 1 |   | 3 |   |
+---+---+---+---+---+---+---+---+---+
|   | 3 | 7 |   |   | 5 | 6 | 8 | 1 |
+---+---+---+---+---+---+---+---+---+
|   | 6 |   |   | 7 | 8 |   |   |   |
+---+---+---+---+---+---+---+---+---+

Id: 01b2db635e79
Difficulty: 1.5
