+---+---+---+---+---+---+---+---+---+
|   |   |   |   |   | 2 |   | 7 |   |
+---+---+---+---+---+---+---+---+---+
| 8 | 2 | 1 |   |   |   |   | 9 |   |
+---+---+---+---+---+---+---+---+---+
|   |   | 4 | 9 | 1 |   | 8 | 6 |   |
+---+---+---+---+---+---+---+---+---+
| 4 |   |   | 6 |   | 1 | 2 |   |   |
+---+---+---+---+---+---+---+---+---+
|   |   | 6 |   |   |   | 7 |   |   |
+---+---+---+---+---+---+---+---+---+
|   |   | 8 | 4 |   | 3 |   |   | 6 |
+---+---+---+---+---+---+---+---+---+
|   | 4 | 2 |   | 9 | 6 | 1 |   |   |
+---+---+---+---+---+---+---+---+---+
|   | 8 |   |   |   |   | 5 | 2 | 7 |
+---+---+---+---+---+---+---+---+---+
|   | 3 |   | 2 |   |   |   |   |   |
+---+---+---+---+---+---+---+---+---+

Id: c8a4628d9520
Difficulty: 1.5
