+---+---+---+---+---+---+---+---+---+
| 2 |   |   | 5 |   |   |   |   |   |
+---+---+---+---+---+---+---+---+---+
| 7 | 3 |   |   | 8 |   |   | 9 | 2 |
+---+---+---+---+---+---+---+---+---+
|   | 6 | 5 | 9 |   |   |   | 1 | 8 |
+---+---+---+---+---+---+---+---+---+
|   | 7 |   |   |   | 3 |   |   |   |
+---+---+---+---+---+---+---+---+---+
|   |   |   | 7 |   | 6 |   |   |   |
+---+---+---+---+---+---+---+---+---+
|   |   |   | 1 |   |   |   | 3 |   |
+---+---+---+---+---+---+---+---+---+
| 9 | 8 |   |   |   | 5 | 6 | 2 |   |
+---+---+---+---+---+---+---+---+---+
| 3 | 5 |   |   | 4 |   |   | 8 | 1 |
+---+---+---+---+---+---+---+---+---+
|   |   |   |   |   | 7 |   |   | 3 |
+---+---+---+---+---+---+---+---+---+

Id: c103254a46e1
Difficulty: 1.5
