+---+---+---+---+---+---+---+---+---+
| 1 |   |   |   | 7 |   |   |   | 2 |
+---+---+---+---+---+---+---+---+---+
|   | 3 | 6 |   |   |   |   | 8 |   |
+---+---+---+---+---+---+---+---+---+
|   |   | 9 | 1 | 5 |   | 6 | 7 |   |
+---+---+---+---+---+---+---+---+---+
|   |   |   |   | 3 |   | 8 |   |   |
+---+---+---+---+---+---+---+---+---+
| 8 |   | 7 | 2 |   | 1 | 4 |   | 3 |
+---+---+---+---+---+---+---+---+---+
|   |   | 4 |   | 6 |   |   |   |   |
+---+---+---+---+---+---+---+---+---+
|   | 2 | 8 |   | 4 | 7 | 5 |   |   |
+---+---+---+---+---+---+---+---+---+
|   | 9 |   |   |   |   | 3 | 4 |   |
+---+---+---+---+---+---+---+---+---+
| 4 |   |   |   | 1 |   |   |   | 8 |
+---+---+---+---+---+---+---+---+---+

Id: 715404abf2a0
Difficulty: 1.5
