+---+---+---+---+---+---+---+---+---+
|   |   |   |   |   |   | 3 | 5 |   |
+---+---+---+---+---+---+---+---+---+
|   |   | 8 | 9 | 1 |   |   |   |   |
+---+---+---+---+---+---+---+---+---+
|   |   | 2 |   | 3 |   | 9 |   | 4 |
+---+---+---+---+---+---+---+---+---+
|   | 1 | 3 |   |   | 9 | 2 |   |   |
+---+---+---+---+---+---+---+---+---+
|   | 8 |   | 1 |   | 2 |   | 9 |   |
+---+---+---+---+---+---+---+---+---+
|   |   | 7 | 5 |   |   | 1 | 8 |   |
+---+---+---+---+---+---+---+---+---+
| 2 |   | 4 |   | 9 |   | 6 |   |   |
+---+---+---+---+---+---+---+---+---+
|   |   |   |   | 6 | 1 | 5 |   |   |
+---+---+---+---+---+---+---+---+---+
|   | 6 | 1 |   |   |   |   |   |   |
+---+---+---+---+---+---+---+---+---+

Id: a86b02ae8251
Difficulty: 1.5
