+---+---+---+---+---+---+---+---+---+
| 6 | 8 |   |   | 1 | 2 |   |   | 7 |
+---+---+---+---+---+---+---+---+---+
|   | 7 |   | 8 |   |   |   | 6 | 2 |
+---+---+---+---+---+---+---+---+---+
|   |   |   | 6 |   |   |   |   |   |
+---+---+---+---+---+---+---+---+---+
| 9 |   |   | 3 |   | 5 | 7 | 8 |   |
+---+---+---+---+---+---+---+---+---+
| 8 |   |   |   | 2 |   |   |   | 4 |
+---+---+---+---+---+---+---+---+---+
|   | 1 | 7 | 9 |   | 8 |   |   | 5 |
+---+---+---+---+---+---+---+---+---+
|   |   |   |   |   | 3 |   |   |   |
+---+---+---+---+---+---+---+---+---+
| 7 | 9 |   |   |   | 4 |   | 2 |   |
+---+---+---+---+---+---+---+---+---+
| 2 |   |   | 5 | 7 |   |   | 4 | 8 |
+---+---+---+---+---+---+---+---+---+

Id: 4f8a922b4a09
Difficulty: 1.5
