+---+---+---+---+---+---+---+---+---+
| 4 |   |   | 9 |   | 3 |   |   | 2 |
+---+---+---+---+---+---+---+---+---+
|   | 6 |   |   |   |   |   | 9 |   |
+---+---+---+---+---+---+---+---+---+
| 5 |   |   |   |   |   |   |   | 1 |
+---+---+---+---+---+---+---+---+---+
|   |   |   |   |   |   |   |   |   |
+---+---+---+---+---+---+---+---+---+
|   |   | 7 | 2 | 1 | 6 | 3 |   |   |
+---+---+---+---+---+---+---+---+---+
| 3 | 2 |   |   | 5 |   |   | 7 | 9 |
+---+---+---+---+---+---+---+---+---+
|   |   |   | 5 |   | 1 |   |   |   |
+---+---+---+---+---+---+---+---+---+
|   | 5 |   |   |   |   |   | 8 |   |
+---+---+---+---+---+---+---+---+---+
| 1 |   |   | 3 | 9 | 7 |   |   | 4 |
+---+---+---+---+---+---+---+---+---+

Id: 5842d4884242
Difficulty: 1.7
