+---+---+---+---+---+---+---+---+---+
| 3 |   | 9 |   |   |   | 7 |   | 6 |
+---+---+---+---+---+---+---+---+---+
|   | 7 |   |   | 5 |   |   | 3 |   |
+---+---+---+---+---+---+---+---+---+
|   | 2 |   |   |   |   |   | 9 |   |
+---+---+---+---+---+---+---+---+---+
| 7 |   | 5 |   | 2 |   | 8 |   | 1 |
+---+---+---+---+---+---+---+---+---+
|   |   | 3 |   | 7 |   | 9 |   |   |
+---+---+---+---+---+---+---+---+---+
|   | 8 | 4 | 9 |   | 5 | 3 | 2 |   |
+---+---+---+---+---+---+---+---+---+
|   |   |   | 3 |   | 6 |   |   |   |
+---+---+---+---+---+---+---+---+---+
|   |   | 8 |   | 1 |   | 5 |   |   |
+---+---+---+---+---+---+---+---+---+
|   | 4 |   |   |   |   |   | 1 |   |
+---+---+---+---+---+---+---+---+---+

Id: f264260edb45
Difficulty: 1.7
