+---+---+---+---+---+---+---+---+---+
|   | 5 | 7 |   |   |   |   |   |   |
+---+---+---+---+---+---+---+---+---+
|   |   | 2 | 3 | 7 | 4 |   |   | 8 |
+---+---+---+---+---+---+---+---+---+
|   |   |   | 5 |   |   |   | 7 | 4 |
+---+---+---+---+---+---+---+---+---+
|   | 7 |   | 8 | 3 | 1 | 9 | 4 |   |
+---+---+---+---+---+---+---+---+---+
|   | 1 |   | 4 |   | 5 |   | 2 |   |
+---+---+---+---+---+---+---+---+---+
|   | 4 | 5 | 7 | 9 | 2 |   | 8 |   |
+---+---+---+---+---+---+---+---+---+
| 5 | 2 |   |   |   | 7 |   |   |   |
+---+---+---+---+---+---+---+---+---+
| 7 |   |   | 6 | 5 | 3 | 4 |   |   |
+---+---+---+---+---+---+---+---+---+
|   |   |   |   |   |   | 5 | 3 |   |
+---+---+---+---+---+---+---+---+---+

Id: 3a6ec4594e6b
Difficulty: 1.7
