+---+---+---+---+---+---+---+---+---+
| 6 |   |   |   |   |   |   |   | 2 |
+---+---+---+---+---+---+---+---+---+
|   | 7 |   | 2 | 9 |   |   | 1 |   |
+---+---+---+---+---+---+---+---+---+
|   |   | 4 |   |   | 7 | 8 |   |   |
+---+---+---+---+---+---+---+---+---+
|   |   | 6 | 8 | 2 | 1 |   | 3 |   |
+---+---+---+---+---+---+---+---+---+
|   | 3 |   | 7 |   | 6 |   | 2 |   |
+---+---+---+---+---+---+---+---+---+
|   | 1 |   | 9 | 5 | 3 | 4 |   |   |
+---+---+---+---+---+---+---+---+---+
|   |   | 3 | 5 |   |   | 1 |   |   |
+---+---+---+---+---+---+---+---+---+
|   | 8 |   |   | 7 | 4 |   | 9 |   |
+---+---+---+---+---+---+---+---+---+
| 7 |   |   |   |   |   |   |   | 5 |
+---+---+---+---+---+---+---+---+---+

Id: 271cb6416727
Difficulty: 2.0
