+---+---+---+---+---+---+---+---+---+
|   |   | 1 |   |   | 3 |   |   |   |
+---+---+---+---+---+---+---+---+---+
|   |   |   | 8 | 2 |   | 3 |   |   |
+---+---+---+---+---+---+---+---+---+
|   | 9 | 3 |   |   |   | 4 |   | 7 |
+---+---+---+---+---+---+---+---+---+
| 3 |   |   | 2 | 7 | 4 |   | 6 |   |
+---+---+---+---+---+---+---+---+---+
|   | 2 |   | 9 |   | 8 |   | 1 |   |
+---+---+---+---+---+---+---+---+---+
|   | 8 |   | 5 | 6 | 1 |   |   | 4 |
+---+---+---+---+---+---+---+---+---+
| 9 |   | 2 |   |   |   | 5 | 7 |   |
+---+---+---+---+---+---+---+---+---+
|   |   | 8 |   | 5 | 2 |   |   |   |
+---+---+---+---+---+---+---+---+---+
|   |   |   | 3 |   |   | 6 |   |   |
+---+---+---+---+---+---+---+---+---+

Id: 994bfbaf2e68
Difficulty: 2.0
