+---+---+---+---+---+---+---+---+---+
| 8 |   | 1 |   |   |   | 3 |   | 4 |
+---+---+---+---+---+---+---+---+---+
| 4 | 5 |   | 8 |   | 7 |   | 1 | 9 |
+---+---+---+---+---+---+---+---+---+
|   |   | 3 |   | 2 |   | 7 |   |   |
+---+---+---+---+---+---+---+---+---+
|   |   |   | 5 |   | 4 |   |   |   |
+---+---+---+---+---+---+---+---+---+
|   | 8 |   |   |   |   |   | 4 |   |
+---+---+---+---+---+---+---+---+---+
|   |   |   | 7 | 8 | 9 |   |   |   |
+---+---+---+---+---+---+---+---+---+
|   | 4 |   |   |   |   |   | 9 |   |
+---+---+---+---+---+---+---+---+---+
| 5 |   |   |   |   |   |   |   | 3 |
+---+---+---+---+---+---+---+---+---+
|   | 3 | 8 | 1 |   | 6 | 5 | 7 |   |
+---+---+---+---+---+---+---+---+---+

Id: 43b854132081
Difficulty: 2.0
