+---+---+---+---+---+---+---+---+---+
|   | 2 |   |   | 3 |   |   | 6 |   |
+---+---+---+---+---+---+---+---+---+
| 4 |   | 9 |   | 2 |   | 7 |   | 3 |
+---+---+---+---+---+---+---+---+---+
| 6 | 3 |   |   | 1 |   |   | 8 | 2 |
+---+---+---+---+---+---+---+---+---+
| 2 |   |   |   |   |   |   |   | 7 |
+---+---+---+---+---+---+---+---+---+
| 5 | 9 |   |   |   |   |   | 1 | 6 |
+---+---+---+---+---+---+---+---+---+
|   | 6 |   |   |   |   |   | 3 |   |
+---+---+---+---+---+---+---+---+---+
|   |   | 6 | 8 | 7 | 4 | 9 |   |   |
+---+---+---+---+---+---+---+---+---+
|   |   |   |   | 6 |   |   |   |   |
+---+---+---+---+---+---+---+---+---+
|   | 4 | 8 | 2 |   | 3 | 6 | 7 |   |
+---+---+---+---+---+---+---+---+---+

Id: 89cc30bb0a36
Difficulty: 2.0
