+---+---+---+---+---+---+---+---+---+
|   |   | 8 |   | 9 | 3 | 4 |   |   |
+---+---+---+---+---+---+---+---+---+
|   |   |   | 7 |   |   |   |   |   |
+---+---+---+---+---+---+---+---+---+
| 7 |   |   | 4 | 1 |   |   |   | 8 |
+---+---+---+---+---+---+---+---+---+
| 4 |   |   | 9 |   | 8 | 1 | 6 |   |
+---+---+---+---+---+---+---+---+---+
| 9 |   | 3 |   |   |   | 5 |   | 2 |
+---+---+---+---+---+---+---+---+---+
|   | 6 | 2 | 3 |   | 1 |   |   | 4 |
+---+---+---+---+---+---+---+---+---+
| 5 |   |   |   | 6 | 9 |   |   | 1 |
+---+---+---+---+---+---+---+---+---+
|   |   |   |   |   | 4 |   |   |   |
+---+---+---+---+---+---+---+---+---+
|   |   | 4 | 1 | 7 |   | 2 |   |   |
+---+---+---+---+---+---+---+---+---+

Id: 107fbb961672
Difficulty: 2.3
