+---+---+---+---+---+---+---+---+---+
|   |   |   |   | 6 |   |   |   |   |
+---+---+---+---+---+---+---+---+---+
| 5 |   | 9 |   |   |   | 3 |   | 4 |
+---+---+---+---+---+---+---+---+---+
|   |   | 6 |   |   |   | 2 |   |   |
+---+---+---+---+---+---+---+---+---+
| 2 |   |   | 8 | 1 | 5 |   |   | 6 |
+---+---+---+---+---+---+---+---+---+
| 1 |   |   | 6 |   | 9 |   |   | 2 |
+---+---+---+---+---+---+---+---+---+
|   | 6 |   | 2 |   | 3 |   | 7 |   |
+---+---+---+---+---+---+---+---+---+
|   |   | 5 | 7 |   | 1 | 6 |   |   |
+---+---+---+---+---+---+---+---+---+
|   |   | 2 |   |   |   | 9 |   |   |
+---+---+---+---+---+---+---+---+---+
| 3 |   |   | 9 |   | 6 |   |   | 8 |
+---+---+---+---+---+---+---+---+---+

Id: 90c9dea6af4e
Difficulty: 2.5
