+---+---+---+---+---+---+---+---+---+
|   |   | 5 |   |   | 9 |   |   |   |
+---+---+---+---+---+---+---+---+---+
|   | 1 | 4 |   | 3 | 7 |   | 8 |   |
+---+---+---+---+---+---+---+---+---+
|   |   |   | 6 | 2 |   |   | 4 | 5 |
+---+---+---+---+---+---+---+---+---+
| 8 | 2 |   |   |   |   | 5 |   |   |
+---+---+---+---+---+---+---+---+---+
|   | 3 | 9 |   |   |   | 8 | 1 |   |
+---+---+---+---+---+---+---+---+---+
|   |   | 6 |   |   |   |   | 9 | 2 |
+---+---+---+---+---+---+---+---+---+
| 3 | 4 |   |   | 5 | 6 |   |   |   |
+---+---+---+---+---+---+---+---+---+
|   | 9 |   | 7 | 4 |   | 2 | 5 |   |
+---+---+---+---+---+---+---+---+---+
|   |   |   | 1 |   |   | 4 |   |   |
+---+---+---+---+---+---+---+---+---+

Id: fda923d17902
Difficulty: 2.6
