+---+---+---+---+---+---+---+---+---+
|   | 6 |   | 8 |   |   |   |   | 1 |
+---+---+---+---+---+---+---+---+---+
|   |   |   |   | 5 |   | 2 | 7 |   |
+---+---+---+---+---+---+---+---+---+
| 4 | 7 |   |   |   | 9 |   |   | 8 |
+---+---+---+---+---+---+---+---+---+
| 9 |   | 6 | 5 | 8 |   |   |   |   |
+---+---+---+---+---+---+---+---+---+
| 3 |   |   |   |   |   |   |   | 5 |
+---+---+---+---+---+---+---+---+---+
|   |   |   |   | 9 | 4 | 8 |   | 2 |
+---+---+---+---+---+---+---+---+---+
| 6 |   |   | 7 |   |   |   | 8 | 3 |
+---+---+---+---+---+---+---+---+---+
|   | 1 | 7 |   | 4 |   |   |   |   |
+---+---+---+---+---+---+---+---+---+
| 2 |   |   |   |   | 8 |   | 4 |   |
+---+---+---+---+---+---+---+---+---+

Id: ff1f0aec6f12
Difficulty: 2.8
