+---+---+---+---+---+---+---+---+---+
|   |   | 8 |   |   |   | 9 |   |   |
+---+---+---+---+---+---+---+---+---+
| 4 |   |   | 5 | 1 | 9 |   |   | 7 |
+---+---+---+---+---+---+---+---+---+
|   |   |   | 2 |   | 7 |   |   |   |
+---+---+---+---+---+---+---+---+---+
|   |   |   |   | 9 |   |   |   |   |
+---+---+---+---+---+---+---+---+---+
|   |   | 1 | 3 |   | 4 | 2 |   |   |
+---+---+---+---+---+---+---+---+---+
| 5 |   | 9 |   |   |   | 7 |   | 4 |
+---+---+---+---+---+---+---+---+---+
|   |   |   |   | 6 |   |   |   |   |
+---+---+---+---+---+---+---+---+---+
| 9 |   | 4 |   | 7 |   | 5 |   | 6 |
+---+---+---+---+---+---+---+---+---+
|   | 1 |   |   |   |   |   | 8 |   |
+---+---+---+---+---+---+---+---+---+

Id: 503d47483836
Difficulty: 3.2
