+---+---+---+---+---+---+---+---+---+
| 7 |   |   |   |   |   |   | 3 | 4 |
+---+---+---+---+---+---+---+---+---+
| 8 |   | 1 |   |   | 3 | 7 |   |   |
+---+---+---+---+---+---+---+---+---+
|   | 6 | 3 | 5 |   |   | 8 | 2 |   |
+---+---+---+---+---+---+---+---+---+
|   | 7 |   | 1 |   | 2 | 9 |   |   |
+---+---+---+---+---+---+---+---+---+
|   |   |   |   | 3 |   |   |   |   |
+---+---+---+---+---+---+---+---+---+
|   |   | 6 | 7 |   | 5 |   | 8 |   |
+---+---+---+---+---+---+---+---+---+
|   | 1 | 7 |   |   | 6 | 5 | 4 |   |
+---+---+---+---+---+---+---+---+---+
|   |   | 8 | 3 |   |   | 2 |   | 6 |
+---+---+---+---+---+---+---+---+---+
| 6 | 3 |   |   |   |   |   |   | 8 |
+---+---+---+---+---+---+---+---+---+

Id: a28d66733903
Difficulty: 3.2
