+---+---+---+---+---+---+---+---+---+
| 1 |   | 6 | 8 | 5 | 3 |   |   | 4 |
+---+---+---+---+---+---+---+---+---+
|   |   |   | 1 |   |   |   |   |   |
+---+---+---+---+---+---+---+---+---+
|   |   | 8 |   |   | 2 | 1 |   | 6 |
+---+---+---+---+---+---+---+---+---+
| 5 |   | 4 |   |   |   |   | 7 | 8 |
+---+---+---+---+---+---+---+---+---+
| 8 |   |   |   |   |   |   |   | 1 |
+---+---+---+---+---+---+---+---+---+
| 2 | 6 |   |   |   |   | 9 |   | 5 |
+---+---+---+---+---+---+---+---+---+
| 3 |   | 7 | 6 |   |   | 5 |   |   |
+---+---+---+---+---+---+---+---+---+
|   |   |   |   |   | 1 |   |   |   |
+---+---+---+---+---+---+---+---+---+
| 6 |   |   | 3 | 4 | 5 | 8 |   | 7 |
+---+---+---+---+---+---+---+---+---+

Id: a7b63d86b61a
Difficulty: 3.4
