+---+---+---+---+---+---+---+---+---+
|   |   |   |   |   | 2 |   | 8 |   |
+---+---+---+---+---+---+---+---+---+
| 3 | 2 | 1 |   |   |   |   | 5 |   |
+---+---+---+---+---+---+---+---+---+
|   |   |   | 6 | 5 |   |   | 1 |   |
+---+---+---+---+---+---+---+---+---+
| 9 |   |   | 3 |   | 1 | 8 |   |   |
+---+---+---+---+---+---+---+---+---+
|   |   | 6 |   |   |   | 3 |   |   |
+---+---+---+---+---+---+---+---+---+
|   |   | 8 | 4 |   | 6 |   |   | 1 |
+---+---+---+---+---+---+---+---+---+
|   | 4 |   |   | 9 | 3 |   |   |   |
+---+---+---+---+---+---+---+---+---+
|   | 6 |   |   |   |   | 9 | 2 | 8 |
+---+---+---+---+---+---+---+---+---+
|   | 9 |   | 8 |   |   |   |   |   |
+---+---+---+---+---+---+---+---+---+

Id: 844770213348
Difficulty: 3.8
