+---+---+---+---+---+---+---+---+---+
| 7 | 4 |   |   | 9 | 6 |   | 1 | 2 |
+---+---+---+---+---+---+---+---+---+
| 5 |   | 9 |   | 1 |   |   |   | 6 |
+---+---+---+---+---+---+---+---+---+
|   |   |   | 2 |   |   |   | 5 |   |
+---+---+---+---+---+---+---+---+---+
| 6 |   |   |   |   |   | 9 |   |   |
+---+---+---+---+---+---+---+---+---+
| 2 | 8 |   |   | 6 |   |   | 7 | 1 |
+---+---+---+---+---+---+---+---+---+
|   |   | 7 |   |   |   |   |   | 5 |
+---+---+---+---+---+---+---+---+---+
|   | 7 |   |   |   | 9 |   |   |   |
+---+---+---+---+---+---+---+---+---+
| 4 |   |   |   | 5 |   | 1 |   | 7 |
+---+---+---+---+---+---+---+---+---+
| 1 | 5 |   | 4 | 7 |   |   | 9 | 8 |
+---+---+---+---+---+---+---+---+---+

Id: 4a54e8638169
Difficulty: 3.8
