+---+---+---+---+---+---+---+---+---+
|   | 8 | 2 |   | 6 |   |   | 1 |   |
+---+---+---+---+---+---+---+---+---+
| 6 | 1 |   | 4 |   |   |   | 7 | 2 |
+---+---+---+---+---+---+---+---+---+
|   |   |   |   |   | 1 |   |   | 9 |
+---+---+---+---+---+---+---+---+---+
|   |   | 3 | 9 |   | 4 |   | 5 |   |
+---+---+---+---+---+---+---+---+---+
| 5 |   |   |   | 1 |   |   |   | 6 |
+---+---+---+---+---+---+---+---+---+
|   | 9 |   | 5 |   | 6 | 7 |   |   |
+---+---+---+---+---+---+---+---+---+
| 4 |   |   | 6 |   |   |   |   |   |
+---+---+---+---+---+---+---+---+---+
| 8 | 5 |   |   |   | 2 |   | 9 | 4 |
+---+---+---+---+---+---+---+---+---+
|   | 2 |   |   | 4 |   | 6 | 8 |   |
+---+---+---+---+---+---+---+---+---+

Id: 7125e2bdf040
Difficulty: 4.2
