+---+---+---+---+---+---+---+---+---+
|   | 4 |   | 2 |   |   |   | 1 |   |
+---+---+---+---+---+---+---+---+---+
| 5 |   |   | 3 |   | 1 |   |   | 9 |
+---+---+---+---+---+---+---+---+---+
|   |   | 1 |   | 7 |   | 5 |   |   |
+---+---+---+---+---+---+---+---+---+
|   | 8 |   | 5 |   | 2 |   | 3 | 7 |
+---+---+---+---+---+---+---+---+---+
|   |   | 3 |   |   |   | 2 |   |   |
+---+---+---+---+---+---+---+---+---+
| 1 | 2 |   | 8 |   | 4 |   | 5 |   |
+---+---+---+---+---+---+---+---+---+
|   |   | 6 |   | 2 |   | 4 |   |   |
+---+---+---+---+---+---+---+---+---+
| 3 |   |   | 4 |   | 9 |   |   | 1 |
+---+---+---+---+---+---+---+---+---+
|   | 1 |   |   |   | 6 |   | 9 |   |
+---+---+---+---+---+---+---+---+---+

Id: 58a4e02ea860
Difficulty: 4.2
