+---+---+---+---+---+---+---+---+---+
| 7 |   |   |   | 1 | 3 |   | 9 |   |
+---+---+---+---+---+---+---+---+---+
|   | 2 |   | 9 |   |   |   | 3 |   |
+---+---+---+---+---+---+---+---+---+
|   |   |   |   | 7 |   | 2 |   | 4 |
+---+---+---+---+---+---+---+---+---+
| 2 |   |   |   |   | 9 | 4 |   |   |
+---+---+---+---+---+---+---+---+---+
| 8 |   |   | 1 |   | 4 |   |   | 6 |
+---+---+---+---+---+---+---+---+---+
|   |   | 3 | 7 |   |   |   |   | 9 |
+---+---+---+---+---+---+---+---+---+
| 1 |   | 7 |   | 2 |   |   |   |   |
+---+---+---+---+---+---+---+---+---+
|   | 9 |   |   |   | 1 |   | 5 |   |
+---+---+---+---+---+---+---+---+---+
|   | 8 |   | 3 | 9 |   |   |   | 2 |
+---+---+---+---+---+---+---+---+---+

Id: aedbe83d5cd0
Difficulty: 4.2
