+---+---+---+---+---+---+---+---+---+
| 2 | 9 | 7 |   |   | 5 |   |   |   |
+---+---+---+---+---+---+---+---+---+
|   |   | 4 | 8 |   |   | 7 | 9 |   |
+---+---+---+---+---+---+---+---+---+
|   |   |   |   | 7 | 9 |   |   |   |
+---+---+---+---+---+---+---+---+---+
| 7 |   | 8 |   |   |   |   |   | 6 |
+---+---+---+---+---+---+---+---+---+
| 3 |   | 9 |   |   |   | 4 |   | 8 |
+---+---+---+---+---+---+---+---+---+
| 6 |   |   |   |   |   | 3 |   | 9 |
+---+---+---+---+---+---+---+---+---+
|   |   |   | 4 | 5 |   |   |   |   |
+---+---+---+---+---+---+---+---+---+
|   | 8 | 2 |   |   | 7 | 9 |   |   |
+---+---+---+---+---+---+---+---+---+
|   |   |   | 2 |   |   | 8 | 3 | 5 |
+---+---+---+---+---+---+---+---+---+

Id: 2a6b1a7194f7
Difficulty: 2.5
