+---+---+---+---+---+---+---+---+---+
| 8 |   |   |   |   |   | 7 | 3 | 2 |
+---+---+---+---+---+---+---+---+---+
| 3 | 1 |   |   | 6 |   |   | 9 |   |
+---+---+---+---+---+---+---+---+---+
|   |   |   | 8 |   |   |   |   |   |
+---+---+---+---+---+---+---+---+---+
|   | 4 |   | 5 | 1 |   | 3 |   | 9 |
+---+---+---+---+---+---+---+---+---+
|   | 8 |   |   | 4 |   |   | 5 |   |
+---+---+---+---+---+---+---+---+---+
| 5 |   | 3 |   | 2 | 8 |   | 4 |   |
+---+---+---+---+---+---+---+---+---+
|   |   |   |   |   | 9 |   |   |   |
+---+---+---+---+---+---+---+---+---+
|   | 5 |   |   | 8 |   |   | 7 | 3 |
+---+---+---+---+---+---+---+---+---+
| 2 | 3 | 8 |   |   |   |   |   | 1 |
+---+---+---+---+---+---+---+---+---+

Id: 2309a47d773f
Difficulty: 2.5
