+---+---+---+---+---+---+---+---+---+
| 5 |   |   |   | 6 | 4 | 9 |   | 3 |
+---+---+---+---+---+---+---+---+---+
|   |   | 1 |   | 8 |   |   |   |   |
+---+---+---+---+---+---+---+---+---+
| 6 |   |   | 1 |   | 5 |   | 8 |   |
+---+---+---+---+---+---+---+---+---+
| 8 |   | 4 |   |   |   | 1 |   |   |
+---+---+---+---+---+---+---+---+---+
| 9 | 7 |   |   |   |   |   | 3 | 2 |
+---+---+---+---+---+---+---+---+---+
|   |   | 6 |   |   |   | 8 |   | 9 |
+---+---+---+---+---+---+---+---+---+
|   | 1 |   | 7 |   | 9 |   |   | 8 |
+---+---+---+---+---+---+---+---+---+
|   |   |   |   | 1 |   | 3 |   |   |
+---+---+---+---+---+---+---+---+---+
| 7 |   | 8 | 4 | 3 |   |   |   | 1 |
+---+---+---+---+---+---+---+---+---+

Id: ab2576864d52
Difficulty: 2.6
