+---+---+---+---+---+---+---+---+---+
|   |   |   | 5 |   |   |   |   |   |
+---+---+---+---+---+---+---+---+---+
|   | 8 | 7 |   | 1 | 3 | 5 | 6 |   |
+---+---+---+---+---+---+---+---+---+
|   | 3 | 5 |   | 9 |   | 1 | 4 |   |
+---+---+---+---+---+---+---+---+---+
|   | 7 |   |   |   |   |   |   | 6 |
+---+---+---+---+---+---+---+---+---+
|   | 9 | 6 |   |   |   | 4 | 1 |   |
+---+---+---+---+---+---+---+---+---+
| 8 |   |   |   |   |   |   | 9 |   |
+---+---+---+---+---+---+---+---+---+
|   | 5 | 9 |   | 3 |   | 6 | 2 |   |
+---+---+---+---+---+---+---+---+---+
|   | 4 | 3 | 1 | 6 |   | 7 | 8 |   |
+---+---+---+---+---+---+---+---+---+
|   |   |   |   |   | 2 |   |   |   |
+---+---+---+---+---+---+---+---+---+

Id: 7a67e6339685
Difficulty: 2.8
