+---+---+---+---+---+---+---+---+---+
| 3 |   |   |   |   |   | 5 | 4 |   |
+---+---+---+---+---+---+---+---+---+
|   | 6 | 4 |   | 7 | 5 |   |   |   |
+---+---+---+---+---+---+---+---+---+
|   |   | 1 |   |   | 6 |   |   | 8 |
+---+---+---+---+---+---+---+---+---+
|   | 2 |   |   |   | 9 |   |   |   |
+---+---+---+---+---+---+---+---+---+
| 6 |   | 7 | 5 |   | 3 | 2 |   | 1 |
+---+---+---+---+---+---+---+---+---+
|   |   |   | 6 |   |   |   | 5 |   |
+---+---+---+---+---+---+---+---+---+
| 7 |   |   | 8 |   |   | 4 |   |   |
+---+---+---+---+---+---+---+---+---+
|   |   |   | 9 | 6 |   | 3 | 1 |   |
+---+---+---+---+---+---+---+---+---+
|   | 4 | 6 |   |   |   |   |   | 5 |
+---+---+---+---+---+---+---+---+---+

Id: a97a12b46744
Difficulty: 2.8
