+---+---+---+---+---+---+---+---+---+
| 4 |   |   |   | 5 | 7 |   |   | 1 |
+---+---+---+---+---+---+---+---+---+
|   | 5 |   | 1 | 8 |   |   | 6 |   |
+---+---+---+---+---+---+---+---+---+
|   |   |   | 3 |   |   |   |   |   |
+---+---+---+---+---+---+---+---+---+
| 7 |   |   |   | 6 |   | 9 | 1 |   |
+---+---+---+---+---+---+---+---+---+
| 5 | 4 |   | 8 |   | 9 |   | 3 | 6 |
+---+---+---+---+---+---+---+---+---+
|   | 1 | 9 |   | 2 |   |   |   | 5 |
+---+---+---+---+---+---+---+---+---+
|   |   |   |   |   | 1 |   |   |   |
+---+---+---+---+---+---+---+---+---+
|   | 2 |   |   | 9 | 8 |   | 5 |   |
+---+---+---+---+---+---+---+---+---+
| 3 |   |   | 2 | 7 |   |   |   | 8 |
+---+---+---+---+---+---+---+---+---+

Id: 50567377a2e3
Difficulty: 3.2
