+---+---+---+---+---+---+---+---+---+
|   | 4 |   |   | 9 | 6 |   | 8 |   |
+---+---+---+---+---+---+---+---+---+
| 9 | 5 |   | 2 |   |   |   | 3 | 6 |
+---+---+---+---+---+---+---+---+---+
|   |   |   | 7 |   | 1 |   |   |   |
+---+---+---+---+---+---+---+---+---+
| 7 |   | 2 |   |   |   | 6 | 1 |   |
+---+---+---+---+---+---+---+---+---+
| 5 |   |   |   |   |   |   |   | 2 |
+---+---+---+---+---+---+---+---+---+
|   | 3 | 6 |   |   |   | 5 |   | 9 |
+---+---+---+---+---+---+---+---+---+
|   |   |   | 8 |   | 5 |   |   |   |
+---+---+---+---+---+---+---+---+---+
| 8 | 2 |   |   |   | 9 |   | 6 | 1 |
+---+---+---+---+---+---+---+---+---+
|   | 7 |   | 6 | 2 |   |   | 5 |   |
+---+---+---+---+---+---+---+---+---+

Id: c7ec085f874f
Difficulty: 3.2
