+---+---+---+---+---+---+---+---+---+
|   |   |   |   |   |   |   | 5 |   |
+---+---+---+---+---+---+---+---+---+
| 4 |   | 2 | 7 | 3 |   | 6 |   |   |
+---+---+---+---+---+---+---+---+---+
|   | 9 | 8 |   | 2 |   | 7 | 3 |   |
+---+---+---+---+---+---+---+---+---+
|   |   |   | 3 | 7 | 9 |   | 4 |   |
+---+---+---+---+---+---+---+---+---+
|   | 8 | 9 | 1 |   | 4 | 2 | 7 |   |
+---+---+---+---+---+---+---+---+---+
|   | 7 |   | 8 | 5 | 2 |   |   |   |
+---+---+---+---+---+---+---+---+---+
|   | 4 | 5 |   | 8 |   | 3 | 2 |   |
+---+---+---+---+---+---+---+---+---+
|   |   | 1 |   | 4 | 3 | 5 |   | 8 |
+---+---+---+---+---+---+---+---+---+
|   | 2 |   |   |   |   |   |   |   |
+---+---+---+---+---+---+---+---+---+

Id: 77545e95be7f
Difficulty: 3.2
