+---+---+---+---+---+---+---+---+---+
|   |   | 4 | 6 |   |   | 8 |   |   |
+---+---+---+---+---+---+---+---+---+
|   | 7 |   | 1 | 4 |   |   | 3 |   |
+---+---+---+---+---+---+---+---+---+
| 3 |   |   | 5 |   |   |   |   | 1 |
+---+---+---+---+---+---+---+---+---+
|   |   |   | 7 |   | 2 | 6 | 1 | 4 |
+---+---+---+---+---+---+---+---+---+
|   | 6 |   |   |   |   |   | 9 |   |
+---+---+---+---+---+---+---+---+---+
| 4 | 2 | 5 | 9 |   | 1 |   |   |   |
+---+---+---+---+---+---+---+---+---+
| 9 |   |   |   |   | 5 |   |   | 8 |
+---+---+---+---+---+---+---+---+---+
|   | 4 |   |   | 1 | 9 |   | 7 |   |
+---+---+---+---+---+---+---+---+---+
|   |   | 8 |   |   | 6 | 1 |   |   |
+---+---+---+---+---+---+---+---+---+

Id: eeead1e453d2
Difficulty: 3.2
