+---+---+---+---+---+---+---+---+---+
|   |   |   | 6 |   | 5 |   |   |   |
+---+---+---+---+---+---+---+---+---+
| 7 |   |   |   |   |   |   |   | 4 |
+---+---+---+---+---+---+---+---+---+
| 2 |   |   | 8 | 4 | 7 |   |   | 6 |
+---+---+---+---+---+---+---+---+---+
| 5 | 7 | 2 |   |   |   | 4 | 6 | 8 |
+---+---+---+---+---+---+---+---+---+
| 8 |   |   |   |   |   |   |   | 3 |
+---+---+---+---+---+---+---+---+---+
|   | 9 |   |   |   |   |   | 5 |   |
+---+---+---+---+---+---+---+---+---+
|   |   |   |   |   |   |   |   |   |
+---+---+---+---+---+---+---+---+---+
| 9 |   | 5 |   | 3 |   | 8 |   | 7 |
+---+---+---+---+---+---+---+---+---+
| 4 |   | 7 | 9 |   | 2 | 6 |   | 5 |
+---+---+---+---+---+---+---+---+---+

Id: 0329bc173fa4
Difficulty: 3.4
