+---+---+---+---+---+---+---+---+---+
|   | 4 | 3 |   | 7 |   | 5 | 2 |   |
+---+---+---+---+---+---+---+---+---+
| 2 |   |   |   |   |   |   |   | 7 |
+---+---+---+---+---+---+---+---+---+
|   | 5 | 9 |   | 2 |   | 3 | 8 |   |
+---+---+---+---+---+---+---+---+---+
|   |   |   |   | 3 |   |   |   |   |
+---+---+---+---+---+---+---+---+---+
| 8 | 3 |   |   |   |   |   | 9 | 5 |
+---+---+---+---+---+---+---+---+---+
|   |   | 7 | 9 |   | 4 | 1 |   |   |
+---+---+---+---+---+---+---+---+---+
| 9 |   |   | 4 | 8 | 1 |   |   | 3 |
+---+---+---+---+---+---+---+---+---+
|   |   |   |   |   |   |   |   |   |
+---+---+---+---+---+---+---+---+---+
|   | 8 |   | 2 |   | 3 |   | 7 |   |
+---+---+---+---+---+---+---+---+---+

Id: 5cdca7f7aa63
Difficulty: 4.0
