+---+---+---+---+---+---+---+---+---+
|   |   | 2 | 6 | 7 |   |   |   | 4 |
+---+---+---+---+---+---+---+---+---+
|   | 6 |   | 1 |   |   |   |   | 5 |
+---+---+---+---+---+---+---+---+---+
|   |   |   |   | 5 |   | 3 | 7 |   |
+---+---+---+---+---+---+---+---+---+
|   |   | 5 | 9 | 4 | 2 |   |   |   |
+---+---+---+---+---+---+---+---+---+
| 4 |   |   |   |   |   |   |   | 3 |
+---+---+---+---+---+---+---+---+---+
|   |   |   | 3 | 1 | 5 | 7 |   |   |
+---+---+---+---+---+---+---+---+---+
|   | 1 | 4 |   | 8 |   |   |   |   |
+---+---+---+---+---+---+---+---+---+
| 5 |   |   |   |   | 1 |   | 8 |   |
+---+---+---+---+---+---+---+---+---+
| 6 |   |   |   | 2 | 3 | 4 |   |   |
+---+---+---+---+---+---+---+---+---+

Id: e52d1f602601
Difficulty: 4.1
