+---+---+---+---+---+---+---+---+---+
| 3 |   |   |   |   | 1 | 4 |   | 6 |
+---+---+---+---+---+---+---+---+---+
|   |   |   | 3 | 4 |   | 1 |   |   |
+---+---+---+---+---+---+---+---+---+
| 5 | 1 |   |   | 8 | 7 |   |   |   |
+---+---+---+---+---+---+---+---+---+
| 1 |   | 7 |   |   |   |   | 4 |   |
+---+---+---+---+---+---+---+---+---+
|   | 9 | 5 |   |   |   | 7 | 3 |   |
+---+---+---+---+---+---+---+---+---+
|   | 4 |   |   |   |   | 5 |   | 1 |
+---+---+---+---+---+---+---+---+---+
|   |   |   | 9 | 7 |   |   | 1 | 5 |
+---+---+---+---+---+---+---+---+---+
|   |   | 1 |   | 2 | 5 |   |   |   |
+---+---+---+---+---+---+---+---+---+
| 9 |   | 2 | 8 |   |   |   |   | 4 |
+---+---+---+---+---+---+---+---+---+

Id: 4266a2fbd797
Difficulty: 4.1
