+---+---+---+---+---+---+---+---+---+
| 9 |   |   | 2 |   | 3 |   |   | 4 |
+---+---+---+---+---+---+---+---+---+
|   |   | 5 |   |   |   | 2 |   |   |
+---+---+---+---+---+---+---+---+---+
|   | 3 | 2 |   |   | 7 | 1 | 6 |   |
+---+---+---+---+---+---+---+---+---+
| 3 |   | 9 | 4 |   | 8 |   |   | 1 |
+---+---+---+---+---+---+---+---+---+
|   |   |   |   |   |   |   |   |   |
+---+---+---+---+---+---+---+---+---+
| 5 |   |   | 3 |   | 6 | 4 |   | 2 |
+---+---+---+---+---+---+---+---+---+
|   | 9 | 4 | 7 |   |   | 3 | 1 |   |
+---+---+---+---+---+---+---+---+---+
|   |   | 1 |   |   |   | 9 |   |   |
+---+---+---+---+---+---+---+---+---+
| 8 |   |   | 1 |   | 4 |   |   | 7 |
+---+---+---+---+---+---+---+---+---+

Id: b5210b24b9f9
Difficulty: 4.1
