+---+---+---+---+---+---+---+---+---+
| 4 |   |   |   |   | 1 |   |   | 3 |
+---+---+---+---+---+---+---+---+---+
|   |   |   | 8 | 4 | 6 | 5 |   |   |
+---+---+---+---+---+---+---+---+---+
|   | 6 |   | 7 |   |   |   |   |   |
+---+---+---+---+---+---+---+---+---+
| 7 | 2 |   |   | 1 |   | 6 | 3 |   |
+---+---+---+---+---+---+---+---+---+
|   | 4 |   | 3 |   | 8 |   | 1 |   |
+---+---+---+---+---+---+---+---+---+
|   | 3 | 1 |   | 5 |   |   | 4 | 7 |
+---+---+---+---+---+---+---+---+---+
|   |   |   |   |   | 5 |   | 7 |   |
+---+---+---+---+---+---+---+---+---+
|   |   | 4 | 1 | 6 | 7 |   |   |   |
+---+---+---+---+---+---+---+---+---+
| 6 |   |   | 9 |   |   |   |   | 1 |
+---+---+---+---+---+---+---+---+---+

Id: 9f6c4dd95bc2
Difficulty: 4.6
