+---+---+---+---+---+---+---+---+---+
| 3 |   |   |   |   |   |   |   |   |
+---+---+---+---+---+---+---+---+---+
|   | 4 |   | 5 |   | 9 |   | 2 |   |
+---+---+---+---+---+---+---+---+---+
| 2 | 6 |   |   | 1 | 3 | 9 |   |   |
+---+---+---+---+---+---+---+---+---+
| 7 |   |   | 8 |   |   |   |   |   |
+---+---+---+---+---+---+---+---+---+
|   | 2 | 4 | 9 |   | 1 | 5 | 8 |   |
+---+---+---+---+---+---+---+---+---+
|   |   |   |   |   | 4 |   |   | 9 |
+---+---+---+---+---+---+---+---+---+
|   |   | 3 | 1 | 6 |   |   | 9 | 2 |
+---+---+---+---+---+---+---+---+---+
|   | 1 |   | 3 |   | 2 |   | 4 |   |
+---+---+---+---+---+---+---+---+---+
|   |   |   |   |   |   |   |   | 1 |
+---+---+---+---+---+---+---+---+---+

Id: 536f7b49b71a
Difficulty: 4.8
