+---+---+---+---+---+---+---+---+---+
|   |   | 3 | 5 | 2 |   |   | 6 |   |
+---+---+---+---+---+---+---+---+---+
| 5 | 8 |   |   |   | 9 | 3 | 1 |   |
+---+---+---+---+---+---+---+---+---+
|   | 6 |   |   |   |   |   |   | 4 |
+---+---+---+---+---+---+---+---+---+
|   | 7 |   | 6 |   | 4 |   |   | 3 |
+---+---+---+---+---+---+---+---+---+
| 6 |   |   |   | 8 |   |   |   | 1 |
+---+---+---+---+---+---+---+---+---+
| 8 |   |   | 2 |   | 7 |   | 9 |   |
+---+---+---+---+---+---+---+---+---+
| 3 |   |   |   |   |   |   | 4 |   |
+---+---+---+---+---+---+---+---+---+
|   | 5 | 8 | 1 |   |   |   | 3 | 2 |
+---+---+---+---+---+---+---+---+---+
|   | 9 |   |   | 4 | 3 | 1 |   |   |
+---+---+---+---+---+---+---+---+---+

Id: 5ef7313637a4
Difficulty: 1.5
