+---+---+---+---+---+---+---+---+---+
|   | 7 | 8 |   |   |   | 1 | 9 |   |
+---+---+---+---+---+---+---+---+---+
| 9 |   |   |   |   |   |   |   | 2 |
+---+---+---+---+---+---+---+---+---+
|   |   | 6 | 9 |   | 1 | 4 |   |   |
+---+---+---+---+---+---+---+---+---+
| 7 |   |   |   |   |   |   |   | 6 |
+---+---+---+---+---+---+---+---+---+
|   | 4 |   | 3 | 5 | 7 |   | 2 |   |
+---+---+---+---+---+---+---+---+---+
|   |   | 9 | 1 |   | 2 | 5 |   |   |
+---+---+---+---+---+---+---+---+---+
| 5 |   |   |   |   |   |   |   | 7 |
+---+---+---+---+---+---+---+---+---+
|   |   |   | 5 | 9 | 3 |   |   |   |
+---+---+---+---+---+---+---+---+---+
| 1 | 8 |   |   |   |   |   | 5 | 9 |
+---+---+---+---+---+---+---+---+---+

Id: ab7d1060d4c2
Difficulty: 1.5
