+---+---+---+---+---+---+---+---+---+
|   | 5 |   | 3 |   | 8 |   | 1 |   |
+---+---+---+---+---+---+---+---+---+
|   |   | 2 |   |   |   | 3 |   |   |
+---+---+---+---+---+---+---+---+---+
|   |   | 3 |   | 2 |   | 4 |   |   |
+---+---+---+---+---+---+---+---+---+
|   | 3 |   |   |   |   |   | 4 |   |
+---+---+---+---+---+---+---+---+---+
| 4 |   | 1 | 7 |   | 5 | 2 |   | 9 |
+---+---+---+---+---+---+---+---+---+
|   | 7 |   | 8 |   | 4 |   | 3 |   |
+---+---+---+---+---+---+---+---+---+
|   | 2 |   | 6 |   | 7 |   | 5 |   |
+---+---+---+---+---+---+---+---+---+
|   |   |   |   |   |   |   |   |   |
+---+---+---+---+---+---+---+---+---+
| 5 |   |   | 1 | 9 | 2 |   |   | 3 |
+---+---+---+---+---+---+---+---+---+

Id: 1cf2ec375a10
Difficulty: 1.5
