+---+---+---+---+---+---+---+---+---+
| 5 |   | 8 | 6 |   |   |   | 9 | 3 |
+---+---+---+---+---+---+---+---+---+
| 2 |   |   | 7 | 3 |   | 5 |   |   |
+---+---+---+---+---+---+---+---+---+
|   | 4 |   |   |   |   |   |   | 2 |
+---+---+---+---+---+---+---+---+---+
|   |   |   | 1 |   | 5 |   | 2 | 7 |
+---+---+---+---+---+---+---+---+---+
|   | 2 |   |   | 9 |   |   | 1 |   |
+---+---+---+---+---+---+---+---+---+
| 7 | 5 |   | 3 |   | 6 |   |   |   |
+---+---+---+---+---+---+---+---+---+
| 6 |   |   |   |   |   |   | 3 |   |
+---+---+---+---+---+---+---+---+---+
|   |   | 7 |   | 6 | 3 |   |   | 8 |
+---+---+---+---+---+---+---+---+---+
| 4 | 3 |   |   |   | 9 | 2 |   | 1 |
+---+---+---+---+---+---+---+---+---+

Id: d8c43ad50314
Difficulty: 1.5
