+---+---+---+---+---+---+---+---+---+
|   |   | 9 | 5 |   |   |   | 3 |   |
+---+---+---+---+---+---+---+---+---+
| 2 | 5 |   |   | 3 |   |   | 1 |   |
+---+---+---+---+---+---+---+---+---+
|   |   | 7 |   | 9 |   | 2 |   | 6 |
+---+---+---+---+---+---+---+---+---+
|   |   |   |   | 6 |   |   |   | 1 |
+---+---+---+---+---+---+---+---+---+
|   | 7 | 5 | 1 |   | 2 | 3 | 4 |   |
+---+---+---+---+---+---+---+---+---+
| 9 |   |   |   | 5 |   |   |   |   |
+---+---+---+---+---+---+---+---+---+
| 5 |   | 2 |   | 4 |   | 1 |   |   |
+---+---+---+---+---+---+---+---+---+
|   | 3 |   |   | 1 |   |   | 6 | 5 |
+---+---+---+---+---+---+---+---+---+
|   | 8 |   |   |   | 5 | 4 |   |   |
+---+---+---+---+---+---+---+---+---+

Id: a13f7badfefe
Difficulty: 1.5
