+---+---+---+---+---+---+---+---+---+
|   | 6 | 1 | 4 |   |   |   | 5 |   |
+---+---+---+---+---+---+---+---+---+
| 3 |   |   |   |   |   | 9 |   | 8 |
+---+---+---+---+---+---+---+---+---+
|   |   | 4 |   |   |   | 3 |   |   |
+---+---+---+---+---+---+---+---+---+
|   | 3 |   |   | 8 |   | 1 |   |   |
+---+---+---+---+---+---+---+---+---+
| 1 |   | 2 |   | 6 |   | 8 |   | 5 |
+---+---+---+---+---+---+---+---+---+
|   |   | 8 |   | 2 |   |   | 7 |   |
+---+---+---+---+---+---+---+---+---+
|   |   | 9 |   |   |   | 2 |   |   |
+---+---+---+---+---+---+---+---+---+
| 2 |   | 6 |   |   |   |   |   | 7 |
+---+---+---+---+---+---+---+---+---+
|   | 4 |   |   |   | 8 | 5 | 1 |   |
+---+---+---+---+---+---+---+---+---+

Id: 989e75176158
Difficulty: 1.5
