+---+---+---+---+---+---+---+---+---+
| 7 |   | 9 |   |   |   |   | 3 |   |
+---+---+---+---+---+---+---+---+---+
|   | 3 |   |   |   |   | 5 |   | 6 |
+---+---+---+---+---+---+---+---+---+
| 2 | 5 | 6 |   | 3 |   | 7 |   |   |
+---+---+---+---+---+---+---+---+---+
|   |   |   |   | 8 | 6 |   |   | 3 |
+---+---+---+---+---+---+---+---+---+
|   |   |   | 9 |   | 4 |   |   |   |
+---+---+---+---+---+---+---+---+---+
| 5 |   |   | 1 | 2 |   |   |   |   |
+---+---+---+---+---+---+---+---+---+
|   |   | 3 |   | 4 |   | 6 | 5 | 9 |
+---+---+---+---+---+---+---+---+---+
| 9 |   | 5 |   |   |   |   | 7 |   |
+---+---+---+---+---+---+---+---+---+
|   | 8 |   |   |   |   | 3 |   | 4 |
+---+---+---+---+---+---+---+---+---+

Id: 069af01c6cce
Difficulty: 1.5
