+---+---+---+---+---+---+---+---+---+
|   | 9 |   | 2 |   |   |   |   |   |
+---+---+---+---+---+---+---+---+---+
|   |   | 6 |   | 9 | 7 | 5 |   | 4 |
+---+---+---+---+---+---+---+---+---+
|   | 5 |   | 3 | 6 |   |   | 1 |   |
+---+---+---+---+---+---+---+---+---+
|   | 2 |   |   |   |   | 4 |   | 1 |
+---+---+---+---+---+---+---+---+---+
|   | 6 | 3 |   |   |   | 2 | 7 |   |
+---+---+---+---+---+---+---+---+---+
| 9 |   | 8 |   |   |   |   | 3 |   |
+---+---+---+---+---+---+---+---+---+
|   | 7 |   |   | 2 | 6 |   | 4 |   |
+---+---+---+---+---+---+---+---+---+
| 2 |   | 1 | 9 | 4 |   | 7 |   |   |
+---+---+---+---+---+---+---+---+---+
|   |   |   |   |   | 3 |   | 5 |   |
+---+---+---+---+---+---+---+---+---+

Id: 1c04f952f2c2
Difficulty: 1.5
