+---+---+---+---+---+---+---+---+---+
|   |   |   |   | 3 |   |   |   |   |
+---+---+---+---+---+---+---+---+---+
|   | 4 | 9 | 2 |   | 8 |   | 3 |   |
+---+---+---+---+---+---+---+---+---+
|   |   | 3 | 9 | 7 |   | 2 | 1 |   |
+---+---+---+---+---+---+---+---+---+
|   | 9 |   |   |   |   | 4 | 2 |   |
+---+---+---+---+---+---+---+---+---+
| 4 |   | 5 |   |   |   | 9 |   | 8 |
+---+---+---+---+---+---+---+---+---+
|   | 2 | 1 |   |   |   |   | 7 |   |
+---+---+---+---+---+---+---+---+---+
|   | 3 | 2 |   | 5 | 6 | 1 |   |   |
+---+---+---+---+---+---+---+---+---+
|   | 6 |   | 4 |   | 1 | 7 | 5 |   |
+---+---+---+---+---+---+---+---+---+
|   |   |   |   | 9 |   |   |   |   |
+---+---+---+---+---+---+---+---+---+

Id: 96890c7de65d
Difficulty: 1.5
