+---+---+---+---+---+---+---+---+---+
|   | 6 |   |   | 9 | 5 | 7 |   |   |
+---+---+---+---+---+---+---+---+---+
|   |   |   | 1 | 3 | 7 |   |   | 2 |
+---+---+---+---+---+---+---+---+---+
| 5 |   |   | 6 |   |   |   |   |   |
+---+---+---+---+---+---+---+---+---+
| 7 | 1 |   |   |   |   | 8 | 2 |   |
+---+---+---+---+---+---+---+---+---+
| 2 | 8 |   |   |   |   |   | 5 | 7 |
+---+---+---+---+---+---+---+---+---+
|   | 5 | 6 |   |   |   |   | 1 | 4 |
+---+---+---+---+---+---+---+---+---+
|   |   |   |   |   | 3 |   |   | 8 |
+---+---+---+---+---+---+---+---+---+
| 6 |   |   | 2 | 1 | 9 |   |   |   |
+---+---+---+---+---+---+---+---+---+
|   |   | 5 | 7 | 8 |   |   | 3 |   |
+---+---+---+---+---+---+---+---+---+

Id: d61efce70b1f
Difficulty: 1.7
