+---+---+---+---+---+---+---+---+---+
| 4 |   | 1 | 5 |   |   |   |   | 7 |
+---+---+---+---+---+---+---+---+---+
|   |   | 9 |   | 4 |   | 6 |   |   |
+---+---+---+---+---+---+---+---+---+
|   | 7 |   |   |   |   |   | 5 | 4 |
+---+---+---+---+---+---+---+---+---+
|   |   |   | 2 | 9 | 5 |   |   | 8 |
+---+---+---+---+---+---+---+---+---+
|   | 1 |   | 3 |   | 4 |   | 9 |   |
+---+---+---+---+---+---+---+---+---+
| 9 |   |   | 1 | 6 | 7 |   |   |   |
+---+---+---+---+---+---+---+---+---+
| 3 | 9 |   |   |   |   |   | 6 |   |
+---+---+---+---+---+---+---+---+---+
|   |   | 2 |   | 7 |   | 4 |   |   |
+---+---+---+---+---+---+---+---+---+
| 1 |   |   |   |   | 9 | 7 |   | 2 |
+---+---+---+---+---+---+---+---+---+

Id: 3131dc1237ad
Difficulty: 1.7
