+---+---+---+---+---+---+---+---+---+
| 2 |   |   |   | 6 |   |   |   | 9 |
+---+---+---+---+---+---+---+---+---+
|   |   | 4 |   |   |   | 3 |   |   |
+---+---+---+---+---+---+---+---+---+
| 3 |   |   | 1 |   | 8 |   |   | 6 |
+---+---+---+---+---+---+---+---+---+
|   | 4 | 5 | 2 |   | 3 | 7 | 6 |   |
+---+---+---+---+---+---+---+---+---+
| 9 | 3 |   |   |   |   |   | 5 | 4 |
+---+---+---+---+---+---+---+---+---+
| 6 |   |   |   |   |   |   |   | 3 |
+---+---+---+---+---+---+---+---+---+
|   | 2 |   | 8 |   | 6 |   | 4 |   |
+---+---+---+---+---+---+---+---+---+
|   |   | 8 | 9 |   | 2 | 6 |   |   |
+---+---+---+---+---+---+---+---+---+
|   |   |   |   | 4 |   |   |   |   |
+---+---+---+---+---+---+---+---+---+

Id: 95e1f23e5740
Difficulty: 1.7
