+---+---+---+---+---+---+---+---+---+
|   | 8 |   |   |   | 1 |   | 4 |   |
+---+---+---+---+---+---+---+---+---+
| 6 |   |   | 9 | 2 | 4 |   |   | 8 |
+---+---+---+---+---+---+---+---+---+
|   |   | 1 | 8 |   |   | 3 |   |   |
+---+---+---+---+---+---+---+---+---+
| 8 | 1 |   |   |   |   | 5 | 3 |   |
+---+---+---+---+---+---+---+---+---+
|   | 2 |   |   |   |   |   | 7 |   |
+---+---+---+---+---+---+---+---+---+
|   | 6 | 7 |   |   |   |   | 2 | 4 |
+---+---+---+---+---+---+---+---+---+
|   |   | 8 |   |   | 7 | 4 |   |   |
+---+---+---+---+---+---+---+---+---+
| 4 |   |   | 6 | 8 | 3 |   |   | 5 |
+---+---+---+---+---+---+---+---+---+
|   | 3 |   | 5 |   |   |   | 8 |   |
+---+---+---+---+---+---+---+---+---+

Id: a19b0a4d1465
Difficulty: 1.7
