+---+---+---+---+---+---+---+---+---+
|   |   | 6 |   | 1 |   | 7 |   |   |
+---+---+---+---+---+---+---+---+---+
|   | 1 |   |   | 7 |   |   | 5 |   |
+---+---+---+---+---+---+---+---+---+
| 7 |   |   | 6 |   | 4 |   |   | 8 |
+---+---+---+---+---+---+---+---+---+
| 2 |   | 7 |   |   |   | 5 |   | 1 |
+---+---+---+---+---+---+---+---+---+
|   |   | 5 |   | 6 |   | 9 |   |   |
+---+---+---+---+---+---+---+---+---+
| 9 |   |   |   |   |   |   |   | 2 |
+---+---+---+---+---+---+---+---+---+
| 6 |   | 9 | 4 |   | 1 | 8 |   | 7 |
+---+---+---+---+---+---+---+---+---+
|   | 4 | 2 |   |   |   | 1 | 6 |   |
+---+---+---+---+---+---+---+---+---+
|   |   |   | 8 | 2 | 6 |   |   |   |
+---+---+---+---+---+---+---+---+---+

Id: e2fe251e67cb
Difficulty: 1.7
