+---+---+---+---+---+---+---+---+---+
| 5 | 3 |   |   |   | 9 |   |   | 6 |
+---+---+---+---+---+---+---+---+---+
|   |   | 4 |   | 1 | 5 | 7 |   | 2 |
+---+---+---+---+---+---+---+---+---+
|   | 2 |   |   | 6 |   |   | 9 |   |
+---+---+---+---+---+---+---+---+---+
| 9 | 7 |   |   |   |   |   |   |   |
+---+---+---+---+---+---+---+---+---+
|   | 6 | 2 |   |   |   | 4 | 5 |   |
+---+---+---+---+---+---+---+---+---+
|   |   |   |   |   |   |   | 7 | 9 |
+---+---+---+---+---+---+---+---+---+
|   | 4 |   |   | 5 |   |   | 2 |   |
+---+---+---+---+---+---+---+---+---+
| 7 |   | 1 | 4 | 9 |   | 3 |   |   |
+---+---+---+---+---+---+---+---+---+
| 2 |   |   | 3 |   |   |   | 4 | 5 |
+---+---+---+---+---+---+---+---+---+

Id: 7105a82ec20a
Difficulty: 1.7
