+---+---+---+---+---+---+---+---+---+
|   |   |   | 3 |   | 5 | 2 |   | 6 |
+---+---+---+---+---+---+---+---+---+
|   | 2 |   | 4 |   |   |   | 3 | 7 |
+---+---+---+---+---+---+---+---+---+
| 8 |   |   |   |   |   | 9 |   |   |
+---+---+---+---+---+---+---+---+---+
| 6 | 5 | 2 |   |   | 4 |   |   |   |
+---+---+---+---+---+---+---+---+---+
|   |   |   | 6 |   | 7 |   |   |   |
+---+---+---+---+---+---+---+---+---+
|   |   |   | 8 |   |   | 4 | 6 | 2 |
+---+---+---+---+---+---+---+---+---+
|   |   | 5 |   |   |   |   |   | 8 |
+---+---+---+---+---+---+---+---+---+
| 9 | 1 |   |   |   | 6 |   | 4 |   |
+---+---+---+---+---+---+---+---+---+
| 3 |   | 8 | 5 |   | 1 |   |   |   |
+---+---+---+---+---+---+---+---+---+

Id: 06529ef60ac8
Difficulty: 1.7
