+---+---+---+---+---+---+---+---+---+
|   |   |   | 8 |   |   | 5 | 4 |   |
+---+---+---+---+---+---+---+---+---+
| 6 |   | 9 |   | 5 | 4 |   |   |   |
+---+---+---+---+---+---+---+---+---+
| 5 |   |   | 7 |   | 1 |   | 6 |   |
+---+---+---+---+---+---+---+---+---+
|   | 2 | 6 |   |   |   | 7 |   | 4 |
+---+---+---+---+---+---+---+---+---+
|   | 4 |   |   |   |   |   | 1 |   |
+---+---+---+---+---+---+---+---+---+
| 7 |   | 1 |   |   |   | 2 | 3 |   |
+---+---+---+---+---+---+---+---+---+
|   | 3 |   | 9 |   | 2 |   |   | 7 |
+---+---+---+---+---+---+---+---+---+
|   |   |   | 3 | 7 |   | 4 |   | 9 |
+---+---+---+---+---+---+---+---+---+
|   | 9 | 7 |   |   | 8 |   |   |   |
+---+---+---+---+---+---+---+---+---+

Id: 64469b4a5a6a
Difficulty: 1.7
