+---+---+---+---+---+---+---+---+---+
|   |   | 6 |   | 1 |   | 4 |   |   |
+---+---+---+---+---+---+---+---+---+
| 3 |   |   | 9 |   | 5 |   |   | 1 |
+---+---+---+---+---+---+---+---+---+
| 5 |   |   | 6 |   | 4 |   |   | 3 |
+---+---+---+---+---+---+---+---+---+
|   | 8 |   |   |   |   |   | 6 |   |
+---+---+---+---+---+---+---+---+---+
|   |   | 2 |   | 9 |   | 5 |   |   |
+---+---+---+---+---+---+---+---+---+
| 4 |   | 7 |   |   |   | 2 |   | 9 |
+---+---+---+---+---+---+---+---+---+
| 1 |   |   |   | 6 |   |   |   | 7 |
+---+---+---+---+---+---+---+---+---+
|   |   |   |   |   |   |   |   |   |
+---+---+---+---+---+---+---+---+---+
| 7 |   | 8 | 2 | 3 | 1 | 9 |   | 5 |
+---+---+---+---+---+---+---+---+---+

Id: efa495830aac
Difficulty: 1.7
