+---+---+---+---+---+---+---+---+---+
| 5 |   |   | 4 |   |   |   |   | 6 |
+---+---+---+---+---+---+---+---+---+
|   | 4 |   | 3 |   | 7 | 2 | 5 |   |
+---+---+---+---+---+---+---+---+---+
|   | 8 |   |   | 1 |   |   |   |   |
+---+---+---+---+---+---+---+---+---+
|   | 5 |   | 2 |   | 1 |   | 9 | 3 |
+---+---+---+---+---+---+---+---+---+
|   |   | 2 |   |   |   | 1 |   |   |
+---+---+---+---+---+---+---+---+---+
| 9 | 6 |   | 7 |   | 4 |   | 2 |   |
+---+---+---+---+---+---+---+---+---+
|   |   |   |   | 4 |   |   | 7 |   |
+---+---+---+---+---+---+---+---+---+
|   | 9 | 5 | 6 |   | 2 |   | 4 |   |
+---+---+---+---+---+---+---+---+---+
| 7 |   |   |   |   | 3 |   |   | 2 |
+---+---+---+---+---+---+---+---+---+

Id: 9e83d476029f
Difficulty: 2.0
