+---+---+---+---+---+---+---+---+---+
| 4 | 6 | 2 | 3 | 5 | 1 | 8 | 7 | 9 |
+---+---+---+---+---+---+---+---+---+
| 7 | 3 | 9 | 2 | 6 | 8 | 5 | 4 | 1 |
+---+---+---+---+---+---+---+---+---+
| 1 | 8 | 5 | 9 | 4 | 7 | 3 | 2 | 6 |
+---+---+---+---+---+---+---+---+---+
| 5 | 4 | 8 | 6 | 7 | 2 | 9 | 1 | 3 |
+---+---+---+---+---+---+---+---+---+
| 6 | 9 | 1 | 4 | 3 | 5 | 7 | 8 | 2 |
+---+---+---+---+---+---+---+---+---+
| 2 | 7 | 3 | 8 | 1 | 9 | 4 | 6 | 5 |
+---+---+---+---+---+---+---+---+---+
| 9 | 1 | 4 | 7 | 2 | 3 | 6 | 5 | 8 |
+---+---+---+---+---+---+---+---+---+
| 8 | 5 | 6 | 1 | 9 | 4 | 2 | 3 | 7 |
+---+---+---+---+---+---+---+---+---+
| 3 | 2 | 7 | 5 | 8 | 6 | 1 | 9 | 4 |
+---+---+---+---+---+---+---+---+---+

Id: edd08c25aeb6
Difficulty: 5.0
