+---+---+---+---+---+---+---+---+---+
| 8 | 3 | 4 | 2 | 7 | 9 | 5 | 1 | 6 |
+---+---+---+---+---+---+---+---+---+
| 6 | 7 | 2 | 1 | 4 | 5 | 3 | 9 | 8 |
+---+---+---+---+---+---+---+---+---+
| 1 | 9 | 5 | 3 | 8 | 6 | 2 | 7 | 4 |
+---+---+---+---+---+---+---+---+---+
| 4 | 1 | 9 | 8 | 5 | 3 | 7 | 6 | 2 |
+---+---+---+---+---+---+---+---+---+
| 3 | 8 | 6 | 7 | 2 | 1 | 9 | 4 | 5 |
+---+---+---+---+---+---+---+---+---+
| 2 | 5 | 7 | 9 | 6 | 4 | 1 | 8 | 3 |
+---+---+---+---+---+---+---+---+---+
| 7 | 2 | 3 | 6 | 9 | 8 | 4 | 5 | 1 |
+---+---+---+---+---+---+---+---+---+
| 5 | 6 | 1 | 4 | 3 | 7 | 8 | 2 | 9 |
+---+---+---+---+---+---+---+---+---+
| 9 | 4 | 8 | 5 | 1 | 2 | 6 | 3 | 7 |
+---+---+---+---+---+---+---+---+---+

Id: 4f26cde64c5f
Difficulty: 5.2
