+---+---+---+---+---+---+---+---+---+
| 2 | 8 | 6 | 9 | 7 | 3 | 5 | 4 | 1 |
+---+---+---+---+---+---+---+---+---+
| 4 | 1 | 5 | 6 | 2 | 8 | 3 | 9 | 7 |
+---+---+---+---+---+---+---+---+---+
| 3 | 7 | 9 | 1 | 4 | 5 | 2 | 6 | 8 |
+---+---+---+---+---+---+---+---+---+
| 7 | 4 | 1 | 5 | 9 | 2 | 8 | 3 | 6 |
+---+---+---+---+---+---+---+---+---+
| 9 | 3 | 2 | 8 | 1 | 6 | 7 | 5 | 4 |
+---+---+---+---+---+---+---+---+---+
| 6 | 5 | 8 | 7 | 3 | 4 | 1 | 2 | 9 |
+---+---+---+---+---+---+---+---+---+
| 8 | 9 | 3 | 4 | 5 | 7 | 6 | 1 | 2 |
+---+---+---+---+---+---+---+---+---+
| 5 | 6 | 4 | 2 | 8 | 1 | 9 | 7 | 3 |
+---+---+---+---+---+---+---+---+---+
| 1 | 2 | 7 | 3 | 6 | 9 | 4 | 8 | 5 |
+---+---+---+---+---+---+---+---+---+

Id: b08d68b29f7f
Difficulty: 5.2
