+---+---+---+---+---+---+---+---+---+
| 5 | 9 | 6 | 1 | 3 | 4 | 8 | 2 | 7 |
+---+---+---+---+---+---+---+---+---+
| 2 | 1 | 8 | 7 | 9 | 5 | 4 | 3 | 6 |
+---+---+---+---+---+---+---+---+---+
| 3 | 7 | 4 | 2 | 6 | 8 | 9 | 5 | 1 |
+---+---+---+---+---+---+---+---+---+
| 7 | 8 | 5 | 3 | 2 | 6 | 1 | 4 | 9 |
+---+---+---+---+---+---+---+---+---+
| 4 | 6 | 2 | 5 | 1 | 9 | 3 | 7 | 8 |
+---+---+---+---+---+---+---+---+---+
| 1 | 3 | 9 | 8 | 4 | 7 | 2 | 6 | 5 |
+---+---+---+---+---+---+---+---+---+
| 8 | 4 | 1 | 6 | 7 | 2 | 5 | 9 | 3 |
+---+---+---+---+---+---+---+---+---+
| 9 | 5 | 7 | 4 | 8 | 3 | 6 | 1 | 2 |
+---+---+---+---+---+---+---+---+---+
| 6 | 2 | 3 | 9 | 5 | 1 | 7 | 8 | 4 |
+---+---+---+---+---+---+---+---+---+

Id: ce79376b8f8f
Difficulty: 5.5
