+---+---+---+---+---+---+---+---+---+
| 9 | 7 | 6 | 2 | 1 | 3 | 8 | 5 | 4 |
+---+---+---+---+---+---+---+---+---+
| 8 | 5 | 3 | 9 | 7 | 4 | 2 | 1 | 6 |
+---+---+---+---+---+---+---+---+---+
| 1 | 2 | 4 | 8 | 6 | 5 | 3 | 9 | 7 |
+---+---+---+---+---+---+---+---+---+
| 3 | 4 | 2 | 6 | 5 | 9 | 7 | 8 | 1 |
+---+---+---+---+---+---+---+---+---+
| 6 | 8 | 5 | 1 | 4 | 7 | 9 | 2 | 3 |
+---+---+---+---+---+---+---+---+---+
| 7 | 1 | 9 | 3 | 2 | 8 | 6 | 4 | 5 |
+---+---+---+---+---+---+---+---+---+
| 4 | 6 | 8 | 5 | 3 | 2 | 1 | 7 | 9 |
+---+---+---+---+---+---+---+---+---+
| 2 | 3 | 7 | 4 | 9 | 1 | 5 | 6 | 8 |
+---+---+---+---+---+---+---+---+---+
| 5 | 9 | 1 | 7 | 8 | 6 | 4 | 3 | 2 |
+---+---+---+---+---+---+---+---+---+

Id: 7779bbb53a36
Difficulty: 5.5
