+---+---+---+---+---+---+---+---+---+
| 3 | 7 | 5 | 2 | 8 | 6 | 4 | 9 | 1 |
+---+---+---+---+---+---+---+---+---+
| 1 | 4 | 6 | 9 | 5 | 3 | 2 | 8 | 7 |
+---+---+---+---+---+---+---+---+---+
| 8 | 9 | 2 | 4 | 7 | 1 | 3 | 6 | 5 |
+---+---+---+---+---+---+---+---+---+
| 6 | 3 | 1 | 7 | 9 | 4 | 5 | 2 | 8 |
+---+---+---+---+---+---+---+---+---+
| 2 | 5 | 4 | 1 | 3 | 8 | 6 | 7 | 9 |
+---+---+---+---+---+---+---+---+---+
| 9 | 8 | 7 | 6 | 2 | 5 | 1 | 3 | 4 |
+---+---+---+---+---+---+---+---+---+
| 7 | 6 | 9 | 5 | 1 | 2 | 8 | 4 | 3 |
+---+---+---+---+---+---+---+---+---+
| 4 | 1 | 3 | 8 | 6 | 7 | 9 | 5 | 2 |
+---+---+---+---+---+---+---+---+---+
| 5 | 2 | 8 | 3 | 4 | 9 | 7 | 1 | 6 |
+---+---+---+---+---+---+---+---+---+

Id: 46661ebaa35c
Difficulty: 5.5
