+---+---+---+---+---+---+---+---+---+
| 8 | 4 | 7 | 6 | 1 | 5 | 9 | 3 | 2 |
+---+---+---+---+---+---+---+---+---+
| 9 | 5 | 3 | 4 | 8 | 2 | 7 | 1 | 6 |
+---+---+---+---+---+---+---+---+---+
| 1 | 6 | 2 | 7 | 9 | 3 | 5 | 8 | 4 |
+---+---+---+---+---+---+---+---+---+
| 3 | 9 | 8 | 2 | 5 | 4 | 6 | 7 | 1 |
+---+---+---+---+---+---+---+---+---+
| 7 | 1 | 4 | 8 | 6 | 9 | 3 | 2 | 5 |
+---+---+---+---+---+---+---+---+---+
| 6 | 2 | 5 | 1 | 3 | 7 | 4 | 9 | 8 |
+---+---+---+---+---+---+---+---+---+
| 4 | 3 | 9 | 5 | 2 | 1 | 8 | 6 | 7 |
+---+---+---+---+---+---+---+---+---+
| 2 | 7 | 6 | 9 | 4 | 8 | 1 | 5 | 3 |
+---+---+---+---+---+---+---+---+---+
| 5 | 8 | 1 | 3 | 7 | 6 | 2 | 4 | 9 |
+---+---+---+---+---+---+---+---+---+

Id: 9daadb670c94
Difficulty: 5.5
