+---+---+---+---+---+---+---+---+---+
| 1 | 9 | 2 | 6 | 7 | 5 | 4 | 3 | 8 |
+---+---+---+---+---+---+---+---+---+
| 8 | 7 | 6 | 4 | 3 | 2 | 5 | 1 | 9 |
+---+---+---+---+---+---+---+---+---+
| 4 | 5 | 3 | 1 | 8 | 9 | 7 | 6 | 2 |
+---+---+---+---+---+---+---+---+---+
| 7 | 4 | 8 | 9 | 5 | 3 | 6 | 2 | 1 |
+---+---+---+---+---+---+---+---+---+
| 6 | 3 | 9 | 7 | 2 | 1 | 8 | 5 | 4 |
+---+---+---+---+---+---+---+---+---+
| 2 | 1 | 5 | 8 | 4 | 6 | 9 | 7 | 3 |
+---+---+---+---+---+---+---+---+---+
| 3 | 2 | 4 | 5 | 9 | 7 | 1 | 8 | 6 |
+---+---+---+---+---+---+---+---+---+
| 5 | 8 | 1 | 2 | 6 | 4 | 3 | 9 | 7 |
+---+---+---+---+---+---+---+---+---+
| 9 | 6 | 7 | 3 | 1 | 8 | 2 | 4 | 5 |
+---+---+---+---+---+---+---+---+---+

Id: 12114d3c2e4f
Difficulty: 5.6
