+---+---+---+---+---+---+---+---+---+
| 2 | 3 | 8 | 7 | 5 | 1 | 6 | 9 | 4 |
+---+---+---+---+---+---+---+---+---+
| 1 | 4 | 5 | 9 | 8 | 6 | 2 | 3 | 7 |
+---+---+---+---+---+---+---+---+---+
| 6 | 7 | 9 | 4 | 2 | 3 | 8 | 5 | 1 |
+---+---+---+---+---+---+---+---+---+
| 7 | 9 | 4 | 5 | 6 | 2 | 1 | 8 | 3 |
+---+---+---+---+---+---+---+---+---+
| 5 | 1 | 2 | 8 | 3 | 9 | 4 | 7 | 6 |
+---+---+---+---+---+---+---+---+---+
| 3 | 8 | 6 | 1 | 7 | 4 | 5 | 2 | 9 |
+---+---+---+---+---+---+---+---+---+
| 4 | 2 | 1 | 3 | 9 | 5 | 7 | 6 | 8 |
+---+---+---+---+---+---+---+---+---+
| 8 | 6 | 3 | 2 | 1 | 7 | 9 | 4 | 5 |
+---+---+---+---+---+---+---+---+---+
| 9 | 5 | 7 | 6 | 4 | 8 | 3 | 1 | 2 |
+---+---+---+---+---+---+---+---+---+

Id: 6dfc111945f8
Difficulty: 5.6
