+---+---+---+---+---+---+---+---+---+
| 9 | 3 | 1 | 8 | 4 | 7 | 5 | 2 | 6 |
+---+---+---+---+---+---+---+---+---+
| 5 | 4 | 6 | 3 | 1 | 2 | 9 | 8 | 7 |
+---+---+---+---+---+---+---+---+---+
| 2 | 7 | 8 | 6 | 9 | 5 | 4 | 3 | 1 |
+---+---+---+---+---+---+---+---+---+
| 6 | 8 | 2 | 1 | 3 | 9 | 7 | 4 | 5 |
+---+---+---+---+---+---+---+---+---+
| 4 | 5 | 3 | 7 | 2 | 6 | 1 | 9 | 8 |
+---+---+---+---+---+---+---+---+---+
| 7 | 1 | 9 | 4 | 5 | 8 | 3 | 6 | 2 |
+---+---+---+---+---+---+---+---+---+
| 1 | 2 | 5 | 9 | 8 | 3 | 6 | 7 | 4 |
+---+---+---+---+---+---+---+---+---+
| 8 | 9 | 7 | 5 | 6 | 4 | 2 | 1 | 3 |
+---+---+---+---+---+---+---+---+---+
| 3 | 6 | 4 | 2 | 7 | 1 | 8 | 5 | 9 |
+---+---+---+---+---+---+---+---+---+

Id: b5afee8f078a
Difficulty: 5.6
