+---+---+---+---+---+---+---+---+---+
| 8 | 1 | 9 | 4 | 3 | 2 | 5 | 6 | 7 |
+---+---+---+---+---+---+---+---+---+
| 6 | 7 | 3 | 8 | 9 | 5 | 2 | 1 | 4 |
+---+---+---+---+---+---+---+---+---+
| 2 | 5 | 4 | 7 | 1 | 6 | 9 | 3 | 8 |
+---+---+---+---+---+---+---+---+---+
| 7 | 9 | 8 | 2 | 6 | 4 | 3 | 5 | 1 |
+---+---+---+---+---+---+---+---+---+
| 1 | 2 | 5 | 9 | 7 | 3 | 8 | 4 | 6 |
+---+---+---+---+---+---+---+---+---+
| 3 | 4 | 6 | 1 | 5 | 8 | 7 | 9 | 2 |
+---+---+---+---+---+---+---+---+---+
| 5 | 8 | 2 | 6 | 4 | 9 | 1 | 7 | 3 |
+---+---+---+---+---+---+---+---+---+
| 9 | 6 | 7 | 3 | 8 | 1 | 4 | 2 | 5 |
+---+---+---+---+---+---+---+---+---+
| 4 | 3 | 1 | 5 | 2 | 7 | 6 | 8 | 9 |
+---+---+---+---+---+---+---+---+---+

Id: d9505c556e35
Difficulty: 5.6
