+---+---+---+---+---+---+---+---+---+
| 7 | 2 | 8 | 3 | 5 | 9 | 4 | 1 | 6 |
+---+---+---+---+---+---+---+---+---+
| 6 | 1 | 5 | 2 | 4 | 8 | 9 | 7 | 3 |
+---+---+---+---+---+---+---+---+---+
| 3 | 9 | 4 | 7 | 6 | 1 | 2 | 8 | 5 |
+---+---+---+---+---+---+---+---+---+
| 2 | 5 | 7 | 8 | 9 | 4 | 3 | 6 | 1 |
+---+---+---+---+---+---+---+---+---+
| 4 | 8 | 1 | 6 | 2 | 3 | 7 | 5 | 9 |
+---+---+---+---+---+---+---+---+---+
| 9 | 3 | 6 | 5 | 1 | 7 | 8 | 4 | 2 |
+---+---+---+---+---+---+---+---+---+
| 5 | 4 | 3 | 1 | 7 | 2 | 6 | 9 | 8 |
+---+---+---+---+---+---+---+---+---+
| 8 | 6 | 9 | 4 | 3 | 5 | 1 | 2 | 7 |
+---+---+---+---+---+---+---+---+---+
| 1 | 7 | 2 | 9 | 8 | 6 | 5 | 3 | 4 |
+---+---+---+---+---+---+---+---+---+

Id: 2283a4fb857f
Difficulty: 5.8
