+---+---+---+---+---+---+---+---+---+
| 4 | 8 | 2 | 7 | 5 | 9 | 6 | 1 | 3 |
+---+---+---+---+---+---+---+---+---+
| 5 | 9 | 1 | 8 | 6 | 3 | 2 | 7 | 4 |
+---+---+---+---+---+---+---+---+---+
| 6 | 7 | 3 | 2 | 1 | 4 | 5 | 9 | 8 |
+---+---+---+---+---+---+---+---+---+
| 1 | 2 | 4 | 5 | 8 | 6 | 9 | 3 | 7 |
+---+---+---+---+---+---+---+---+---+
| 9 | 5 | 7 | 4 | 3 | 1 | 8 | 6 | 2 |
+---+---+---+---+---+---+---+---+---+
| 3 | 6 | 8 | 9 | 2 | 7 | 1 | 4 | 5 |
+---+---+---+---+---+---+---+---+---+
| 2 | 1 | 9 | 3 | 4 | 5 | 7 | 8 | 6 |
+---+---+---+---+---+---+---+---+---+
| 8 | 4 | 6 | 1 | 7 | 2 | 3 | 5 | 9 |
+---+---+---+---+---+---+---+---+---+
| 7 | 3 | 5 | 6 | 9 | 8 | 4 | 2 | 1 |
+---+---+---+---+---+---+---+---+---+

Id: 778d8efa4a24
Difficulty: 5.9
