+---+---+---+---+---+---+---+---+---+
| 2 | 5 | 1 | 8 | 3 | 7 | 6 | 9 | 4 |
+---+---+---+---+---+---+---+---+---+
| 9 | 4 | 8 | 1 | 6 | 2 | 5 | 3 | 7 |
+---+---+---+---+---+---+---+---+---+
| 7 | 3 | 6 | 4 | 9 | 5 | 1 | 8 | 2 |
+---+---+---+---+---+---+---+---+---+
| 4 | 2 | 9 | 7 | 5 | 3 | 8 | 1 | 6 |
+---+---+---+---+---+---+---+---+---+
| 3 | 1 | 7 | 9 | 8 | 6 | 2 | 4 | 5 |
+---+---+---+---+---+---+---+---+---+
| 8 | 6 | 5 | 2 | 1 | 4 | 3 | 7 | 9 |
+---+---+---+---+---+---+---+---+---+
| 5 | 9 | 3 | 6 | 7 | 1 | 4 | 2 | 8 |
+---+---+---+---+---+---+---+---+---+
| 6 | 7 | 4 | 3 | 2 | 8 | 9 | 5 | 1 |
+---+---+---+---+---+---+---+---+---+
| 1 | 8 | 2 | 5 | 4 | 9 | 7 | 6 | 3 |
+---+---+---+---+---+---+---+---+---+

Id: cbb8fe4f5739
Difficulty: 5.9
