+---+---+---+---+---+---+---+---+---+
| 5 | 6 | 4 | 1 | 9 | 7 | 2 | 3 | 8 |
+---+---+---+---+---+---+---+---+---+
| 2 | 1 | 3 | 4 | 8 | 6 | 9 | 7 | 5 |
+---+---+---+---+---+---+---+---+---+
| 8 | 9 | 7 | 5 | 2 | 3 | 6 | 4 | 1 |
+---+---+---+---+---+---+---+---+---+
| 7 | 5 | 9 | 2 | 3 | 1 | 4 | 8 | 6 |
+---+---+---+---+---+---+---+---+---+
| 4 | 3 | 6 | 8 | 5 | 9 | 1 | 2 | 7 |
+---+---+---+---+---+---+---+---+---+
| 1 | 8 | 2 | 7 | 6 | 4 | 5 | 9 | 3 |
+---+---+---+---+---+---+---+---+---+
| 6 | 2 | 1 | 9 | 7 | 8 | 3 | 5 | 4 |
+---+---+---+---+---+---+---+---+---+
| 3 | 7 | 5 | 6 | 4 | 2 | 8 | 1 | 9 |
+---+---+---+---+---+---+---+---+---+
| 9 | 4 | 8 | 3 | 1 | 5 | 7 | 6 | 2 |
+---+---+---+---+---+---+---+---+---+

Id: 75b378d9aca1
Difficulty: 6.1
