+---+---+---+---+---+---+---+---+---+
| 9 | 5 | 4 | 2 | 1 | 6 | 8 | 7 | 3 |
+---+---+---+---+---+---+---+---+---+
| 3 | 7 | 1 | 9 | 4 | 8 | 6 | 2 | 5 |
+---+---+---+---+---+---+---+---+---+
| 8 | 2 | 6 | 5 | 7 | 3 | 4 | 9 | 1 |
+---+---+---+---+---+---+---+---+---+
| 4 | 9 | 5 | 3 | 8 | 7 | 2 | 1 | 6 |
+---+---+---+---+---+---+---+---+---+
| 1 | 8 | 2 | 4 | 6 | 9 | 5 | 3 | 7 |
+---+---+---+---+---+---+---+---+---+
| 6 | 3 | 7 | 1 | 5 | 2 | 9 | 8 | 4 |
+---+---+---+---+---+---+---+---+---+
| 2 | 6 | 8 | 7 | 3 | 5 | 1 | 4 | 9 |
+---+---+---+---+---+---+---+---+---+
| 7 | 1 | 9 | 6 | 2 | 4 | 3 | 5 | 8 |
+---+---+---+---+---+---+---+---+---+
| 5 | 4 | 3 | 8 | 9 | 1 | 7 | 6 | 2 |
+---+---+---+---+---+---+---+---+---+

Id: 2f2528fc9130
Difficulty: 6.2
