+---+---+---+---+---+---+---+---+---+
| 5 | 3 | 6 | 4 | 9 | 8 | 1 | 7 | 2 |
+---+---+---+---+---+---+---+---+---+
| 2 | 4 | 9 | 1 | 5 | 7 | 3 | 6 | 8 |
+---+---+---+---+---+---+---+---+---+
| 1 | 7 | 8 | 2 | 6 | 3 | 4 | 9 | 5 |
+---+---+---+---+---+---+---+---+---+
| 8 | 1 | 5 | 9 | 7 | 2 | 6 | 4 | 3 |
+---+---+---+---+---+---+---+---+---+
| 7 | 6 | 2 | 3 | 1 | 4 | 5 | 8 | 9 |
+---+---+---+---+---+---+---+---+---+
| 3 | 9 | 4 | 6 | 8 | 5 | 7 | 2 | 1 |
+---+---+---+---+---+---+---+---+---+
| 6 | 5 | 7 | 8 | 2 | 1 | 9 | 3 | 4 |
+---+---+---+---+---+---+---+---+---+
| 4 | 2 | 1 | 7 | 3 | 9 | 8 | 5 | 6 |
+---+---+---+---+---+---+---+---+---+
| 9 | 8 | 3 | 5 | 4 | 6 | 2 | 1 | 7 |
+---+---+---+---+---+---+---+---+---+

Id: 9f042b8c1fe8
Difficulty: 6.2
