+---+---+---+---+---+---+---+---+---+
| 6 | 9 | 3 | 2 | 1 | 8 | 4 | 5 | 7 |
+---+---+---+---+---+---+---+---+---+
| 4 | 8 | 2 | 3 | 5 | 7 | 6 | 1 | 9 |
+---+---+---+---+---+---+---+---+---+
| 1 | 7 | 5 | 4 | 9 | 6 | 8 | 3 | 2 |
+---+---+---+---+---+---+---+---+---+
| 7 | 4 | 9 | 5 | 6 | 3 | 2 | 8 | 1 |
+---+---+---+---+---+---+---+---+---+
| 3 | 1 | 8 | 7 | 2 | 4 | 9 | 6 | 5 |
+---+---+---+---+---+---+---+---+---+
| 2 | 5 | 6 | 1 | 8 | 9 | 7 | 4 | 3 |
+---+---+---+---+---+---+---+---+---+
| 5 | 3 | 4 | 6 | 7 | 2 | 1 | 9 | 8 |
+---+---+---+---+---+---+---+---+---+
| 9 | 6 | 7 | 8 | 3 | 1 | 5 | 2 | 4 |
+---+---+---+---+---+---+---+---+---+
| 8 | 2 | 1 | 9 | 4 | 5 | 3 | 7 | 6 |
+---+---+---+---+---+---+---+---+---+

Id: af297e4bb728
Difficulty: 6.3
