+---+---+---+---+---+---+---+---+---+
| 3 | 7 | 8 | 9 | 5 | 4 | 2 | 6 | 1 |
+---+---+---+---+---+---+---+---+---+
| 9 | 4 | 6 | 3 | 1 | 2 | 8 | 5 | 7 |
+---+---+---+---+---+---+---+---+---+
| 1 | 5 | 2 | 6 | 7 | 8 | 9 | 4 | 3 |
+---+---+---+---+---+---+---+---+---+
| 2 | 9 | 4 | 1 | 3 | 6 | 5 | 7 | 8 |
+---+---+---+---+---+---+---+---+---+
| 5 | 6 | 1 | 2 | 8 | 7 | 4 | 3 | 9 |
+---+---+---+---+---+---+---+---+---+
| 7 | 8 | 3 | 4 | 9 | 5 | 1 | 2 | 6 |
+---+---+---+---+---+---+---+---+---+
| 6 | 1 | 5 | 7 | 4 | 9 | 3 | 8 | 2 |
+---+---+---+---+---+---+---+---+---+
| 4 | 3 | 7 | 8 | 2 | 1 | 6 | 9 | 5 |
+---+---+---+---+---+---+---+---+---+
| 8 | 2 | 9 | 5 | 6 | 3 | 7 | 1 | 4 |
+---+---+---+---+---+---+---+---+---+

Id: 5c49928a7199
Difficulty: 6.3
