+---+---+---+---+---+---+---+---+---+
| 9 | 5 | 8 | 1 | 4 | 2 | 6 | 3 | 7 |
+---+---+---+---+---+---+---+---+---+
| 3 | 4 | 6 | 7 | 9 | 5 | 8 | 1 | 2 |
+---+---+---+---+---+---+---+---+---+
| 1 | 7 | 2 | 6 | 8 | 3 | 9 | 5 | 4 |
+---+---+---+---+---+---+---+---+---+
| 8 | 2 | 4 | 9 | 3 | 6 | 1 | 7 | 5 |
+---+---+---+---+---+---+---+---+---+
| 7 | 3 | 9 | 2 | 5 | 1 | 4 | 6 | 8 |
+---+---+---+---+---+---+---+---+---+
| 6 | 1 | 5 | 4 | 7 | 8 | 2 | 9 | 3 |
+---+---+---+---+---+---+---+---+---+
| 4 | 6 | 1 | 5 | 2 | 7 | 3 | 8 | 9 |
+---+---+---+---+---+---+---+---+---+
| 2 | 8 | 7 | 3 | 1 | 9 | 5 | 4 | 6 |
+---+---+---+---+---+---+---+---+---+
| 5 | 9 | 3 | 8 | 6 | 4 | 7 | 2 | 1 |
+---+---+---+---+---+---+---+---+---+

Id: b70aeeefe0c9
Difficulty: 6.6
