+---+---+---+---+---+---+---+---+---+
| 7 | 6 | 8 | 3 | 5 | 2 | 4 | 1 | 9 |
+---+---+---+---+---+---+---+---+---+
| 2 | 5 | 3 | 4 | 1 | 9 | 6 | 8 | 7 |
+---+---+---+---+---+---+---+---+---+
| 1 | 9 | 4 | 7 | 8 | 6 | 3 | 2 | 5 |
+---+---+---+---+---+---+---+---+---+
| 3 | 2 | 6 | 8 | 9 | 1 | 5 | 7 | 4 |
+---+---+---+---+---+---+---+---+---+
| 5 | 7 | 9 | 2 | 6 | 4 | 8 | 3 | 1 |
+---+---+---+---+---+---+---+---+---+
| 8 | 4 | 1 | 5 | 3 | 7 | 2 | 9 | 6 |
+---+---+---+---+---+---+---+---+---+
| 6 | 8 | 7 | 9 | 2 | 5 | 1 | 4 | 3 |
+---+---+---+---+---+---+---+---+---+
| 9 | 1 | 2 | 6 | 4 | 3 | 7 | 5 | 8 |
+---+---+---+---+---+---+---+---+---+
| 4 | 3 | 5 | 1 | 7 | 8 | 9 | 6 | 2 |
+---+---+---+---+---+---+---+---+---+

Id: 3d242fbd08d6
Difficulty: 6.7
