+---+---+---+---+---+---+---+---+---+
| 8 | 9 | 5 | 3 | 2 | 1 | 7 | 6 | 4 |
+---+---+---+---+---+---+---+---+---+
| 1 | 6 | 3 | 9 | 4 | 7 | 5 | 8 | 2 |
+---+---+---+---+---+---+---+---+---+
| 4 | 2 | 7 | 6 | 5 | 8 | 1 | 3 | 9 |
+---+---+---+---+---+---+---+---+---+
| 6 | 3 | 8 | 4 | 7 | 5 | 2 | 9 | 1 |
+---+---+---+---+---+---+---+---+---+
| 9 | 4 | 1 | 2 | 8 | 3 | 6 | 5 | 7 |
+---+---+---+---+---+---+---+---+---+
| 7 | 5 | 2 | 1 | 9 | 6 | 8 | 4 | 3 |
+---+---+---+---+---+---+---+---+---+
| 5 | 8 | 4 | 7 | 3 | 2 | 9 | 1 | 6 |
+---+---+---+---+---+---+---+---+---+
| 3 | 7 | 6 | 5 | 1 | 9 | 4 | 2 | 8 |
+---+---+---+---+---+---+---+---+---+
| 2 | 1 | 9 | 8 | 6 | 4 | 3 | 7 | 5 |
+---+---+---+---+---+---+---+---+---+

Id: 6637d1cbff32
Difficulty: 6.8
