+---+---+---+---+---+---+---+---+---+
| 8 | 5 | 3 | 4 | 7 | 6 | 1 | 2 | 9 |
+---+---+---+---+---+---+---+---+---+
| 1 | 9 | 7 | 3 | 2 | 8 | 4 | 5 | 6 |
+---+---+---+---+---+---+---+---+---+
| 6 | 2 | 4 | 5 | 9 | 1 | 7 | 8 | 3 |
+---+---+---+---+---+---+---+---+---+
| 4 | 8 | 2 | 1 | 5 | 9 | 6 | 3 | 7 |
+---+---+---+---+---+---+---+---+---+
| 5 | 7 | 1 | 6 | 4 | 3 | 2 | 9 | 8 |
+---+---+---+---+---+---+---+---+---+
| 3 | 6 | 9 | 2 | 8 | 7 | 5 | 1 | 4 |
+---+---+---+---+---+---+---+---+---+
| 2 | 3 | 5 | 8 | 6 | 4 | 9 | 7 | 1 |
+---+---+---+---+---+---+---+---+---+
| 9 | 1 | 6 | 7 | 3 | 5 | 8 | 4 | 2 |
+---+---+---+---+---+---+---+---+---+
| 7 | 4 | 8 | 9 | 1 | 2 | 3 | 6 | 5 |
+---+---+---+---+---+---+---+---+---+

Id: df187a715fd0
Difficulty: 6.8
