+---+---+---+---+---+---+---+---+---+
| 3 | 6 | 2 | 1 | 4 | 8 | 9 | 7 | 5 |
+---+---+---+---+---+---+---+---+---+
| 5 | 9 | 4 | 7 | 6 | 3 | 8 | 1 | 2 |
+---+---+---+---+---+---+---+---+---+
| 1 | 7 | 8 | 5 | 9 | 2 | 3 | 6 | 4 |
+---+---+---+---+---+---+---+---+---+
| 9 | 3 | 1 | 4 | 5 | 6 | 2 | 8 | 7 |
+---+---+---+---+---+---+---+---+---+
| 6 | 2 | 7 | 8 | 3 | 1 | 4 | 5 | 9 |
+---+---+---+---+---+---+---+---+---+
| 8 | 4 | 5 | 2 | 7 | 9 | 6 | 3 | 1 |
+---+---+---+---+---+---+---+---+---+
| 4 | 1 | 9 | 6 | 8 | 7 | 5 | 2 | 3 |
+---+---+---+---+---+---+---+---+---+
| 2 | 5 | 6 | 3 | 1 | 4 | 7 | 9 | 8 |
+---+---+---+---+---+---+---+---+---+
| 7 | 8 | 3 | 9 | 2 | 5 | 1 | 4 | 6 |
+---+---+---+---+---+---+---+---+---+

Id: 46d5963db7c0
Difficulty: 6.8
