+---+---+---+---+---+---+---+---+---+
| 8 | 1 | 2 | 3 | 6 | 4 | 5 | 7 | 9 |
+---+---+---+---+---+---+---+---+---+
| 5 | 6 | 7 | 9 | 1 | 2 | 3 | 8 | 4 |
+---+---+---+---+---+---+---+---+---+
| 9 | 3 | 4 | 8 | 7 | 5 | 6 | 1 | 2 |
+---+---+---+---+---+---+---+---+---+
| 3 | 7 | 9 | 5 | 2 | 8 | 1 | 4 | 6 |
+---+---+---+---+---+---+---+---+---+
| 2 | 4 | 8 | 6 | 9 | 1 | 7 | 3 | 5 |
+---+---+---+---+---+---+---+---+---+
| 6 | 5 | 1 | 4 | 3 | 7 | 2 | 9 | 8 |
+---+---+---+---+---+---+---+---+---+
| 1 | 2 | 6 | 7 | 4 | 9 | 8 | 5 | 3 |
+---+---+---+---+---+---+---+---+---+
| 4 | 8 | 3 | 1 | 5 | 6 | 9 | 2 | 7 |
+---+---+---+---+---+---+---+---+---+
| 7 | 9 | 5 | 2 | 8 | 3 | 4 | 6 | 1 |
+---+---+---+---+---+---+---+---+---+

Id: 5fba519527ba
Difficulty: 6.9
