+---+---+---+---+---+---+---+---+---+
| 2 | 1 | 4 | 9 | 5 | 6 | 7 | 8 | 3 |
+---+---+---+---+---+---+---+---+---+
| 7 | 6 | 8 | 1 | 3 | 2 | 9 | 5 | 4 |
+---+---+---+---+---+---+---+---+---+
| 9 | 3 | 5 | 8 | 4 | 7 | 1 | 2 | 6 |
+---+---+---+---+---+---+---+---+---+
| 1 | 8 | 2 | 7 | 6 | 4 | 5 | 3 | 9 |
+---+---+---+---+---+---+---+---+---+
| 5 | 4 | 3 | 2 | 9 | 1 | 6 | 7 | 8 |
+---+---+---+---+---+---+---+---+---+
| 6 | 7 | 9 | 3 | 8 | 5 | 2 | 4 | 1 |
+---+---+---+---+---+---+---+---+---+
| 3 | 2 | 6 | 5 | 1 | 8 | 4 | 9 | 7 |
+---+---+---+---+---+---+---+---+---+
| 8 | 5 | 1 | 4 | 7 | 9 | 3 | 6 | 2 |
+---+---+---+---+---+---+---+---+---+
| 4 | 9 | 7 | 6 | 2 | 3 | 8 | 1 | 5 |
+---+---+---+---+---+---+---+---+---+

Id: d3b4d2aff5f1
Difficulty: 6.9
