+---+---+---+---+---+---+---+---+---+
| 5 | 1 | 3 | 4 | 8 | 9 | 2 | 6 | 7 |
+---+---+---+---+---+---+---+---+---+
| 9 | 6 | 8 | 7 | 3 | 2 | 4 | 5 | 1 |
+---+---+---+---+---+---+---+---+---+
| 2 | 4 | 7 | 6 | 5 | 1 | 9 | 3 | 8 |
+---+---+---+---+---+---+---+---+---+
| 6 | 5 | 9 | 2 | 7 | 8 | 3 | 1 | 4 |
+---+---+---+---+---+---+---+---+---+
| 3 | 8 | 1 | 5 | 9 | 4 | 7 | 2 | 6 |
+---+---+---+---+---+---+---+---+---+
| 7 | 2 | 4 | 1 | 6 | 3 | 5 | 8 | 9 |
+---+---+---+---+---+---+---+---+---+
| 8 | 9 | 2 | 3 | 1 | 7 | 6 | 4 | 5 |
+---+---+---+---+---+---+---+---+---+
| 1 | 3 | 6 | 9 | 4 | 5 | 8 | 7 | 2 |
+---+---+---+---+---+---+---+---+---+
| 4 | 7 | 5 | 8 | 2 | 6 | 1 | 9 | 3 |
+---+---+---+---+---+---+---+---+---+

Id: 6f49fcf8be0b
Difficulty: 7.0
