+---+---+---+---+---+---+---+---+---+
| 1 | 4 | 2 | 3 | 6 | 9 | 5 | 8 | 7 |
+---+---+---+---+---+---+---+---+---+
| 6 | 3 | 8 | 1 | 5 | 7 | 9 | 2 | 4 |
+---+---+---+---+---+---+---+---+---+
| 9 | 5 | 7 | 8 | 2 | 4 | 6 | 3 | 1 |
+---+---+---+---+---+---+---+---+---+
| 8 | 7 | 1 | 4 | 3 | 6 | 2 | 9 | 5 |
+---+---+---+---+---+---+---+---+---+
| 3 | 9 | 6 | 5 | 7 | 2 | 1 | 4 | 8 |
+---+---+---+---+---+---+---+---+---+
| 4 | 2 | 5 | 9 | 1 | 8 | 7 | 6 | 3 |
+---+---+---+---+---+---+---+---+---+
| 5 | 1 | 9 | 2 | 4 | 3 | 8 | 7 | 6 |
+---+---+---+---+---+---+---+---+---+
| 2 | 6 | 3 | 7 | 8 | 5 | 4 | 1 | 9 |
+---+---+---+---+---+---+---+---+---+
| 7 | 8 | 4 | 6 | 9 | 1 | 3 | 5 | 2 |
+---+---+---+---+---+---+---+---+---+

Id: 4e33072aad6b
Difficulty: 7.0
