+---+---+---+---+---+---+---+---+---+
| 7 | 6 | 9 | 2 | 8 | 3 | 1 | 5 | 4 |
+---+---+---+---+---+---+---+---+---+
| 1 | 3 | 4 | 6 | 5 | 9 | 2 | 8 | 7 |
+---+---+---+---+---+---+---+---+---+
| 5 | 2 | 8 | 1 | 4 | 7 | 9 | 6 | 3 |
+---+---+---+---+---+---+---+---+---+
| 9 | 7 | 2 | 5 | 6 | 4 | 3 | 1 | 8 |
+---+---+---+---+---+---+---+---+---+
| 8 | 1 | 5 | 3 | 9 | 2 | 7 | 4 | 6 |
+---+---+---+---+---+---+---+---+---+
| 3 | 4 | 6 | 8 | 7 | 1 | 5 | 9 | 2 |
+---+---+---+---+---+---+---+---+---+
| 2 | 9 | 1 | 4 | 3 | 6 | 8 | 7 | 5 |
+---+---+---+---+---+---+---+---+---+
| 4 | 5 | 3 | 7 | 1 | 8 | 6 | 2 | 9 |
+---+---+---+---+---+---+---+---+---+
| 6 | 8 | 7 | 9 | 2 | 5 | 4 | 3 | 1 |
+---+---+---+---+---+---+---+---+---+

Id: 620a35409b78
Difficulty: 7.1
