+---+---+---+---+---+---+---+---+---+
| 2 | 3 | 7 | 1 | 8 | 6 | 9 | 4 | 5 |
+---+---+---+---+---+---+---+---+---+
| 6 | 9 | 5 | 3 | 4 | 7 | 2 | 8 | 1 |
+---+---+---+---+---+---+---+---+---+
| 1 | 4 | 8 | 5 | 9 | 2 | 6 | 7 | 3 |
+---+---+---+---+---+---+---+---+---+
| 4 | 7 | 2 | 9 | 1 | 5 | 8 | 3 | 6 |
+---+---+---+---+---+---+---+---+---+
| 9 | 8 | 1 | 6 | 3 | 4 | 7 | 5 | 2 |
+---+---+---+---+---+---+---+---+---+
| 3 | 5 | 6 | 2 | 7 | 8 | 4 | 1 | 9 |
+---+---+---+---+---+---+---+---+---+
| 8 | 2 | 3 | 7 | 6 | 1 | 5 | 9 | 4 |
+---+---+---+---+---+---+---+---+---+
| 7 | 6 | 9 | 4 | 5 | 3 | 1 | 2 | 8 |
+---+---+---+---+---+---+---+---+---+
| 5 | 1 | 4 | 8 | 2 | 9 | 3 | 6 | 7 |
+---+---+---+---+---+---+---+---+---+

Id: 9011f539ed6c
Difficulty: 7.1
