+---+---+---+---+---+---+---+---+---+
| 9 | 5 | 1 | 2 | 6 | 3 | 4 | 8 | 7 |
+---+---+---+---+---+---+---+---+---+
| 8 | 6 | 3 | 4 | 7 | 1 | 9 | 5 | 2 |
+---+---+---+---+---+---+---+---+---+
| 2 | 4 | 7 | 9 | 5 | 8 | 3 | 1 | 6 |
+---+---+---+---+---+---+---+---+---+
| 4 | 8 | 6 | 1 | 9 | 7 | 2 | 3 | 5 |
+---+---+---+---+---+---+---+---+---+
| 7 | 9 | 5 | 3 | 2 | 6 | 1 | 4 | 8 |
+---+---+---+---+---+---+---+---+---+
| 3 | 1 | 2 | 8 | 4 | 5 | 7 | 6 | 9 |
+---+---+---+---+---+---+---+---+---+
| 1 | 7 | 8 | 6 | 3 | 2 | 5 | 9 | 4 |
+---+---+---+---+---+---+---+---+---+
| 6 | 2 | 4 | 5 | 1 | 9 | 8 | 7 | 3 |
+---+---+---+---+---+---+---+---+---+
| 5 | 3 | 9 | 7 | 8 | 4 | 6 | 2 | 1 |
+---+---+---+---+---+---+---+---+---+

Id: ea820c8162a4
Difficulty: 7.2
