+---+---+---+---+---+---+---+---+---+
| 4 | 9 | 1 | 6 | 3 | 5 | 7 | 8 | 2 |
+---+---+---+---+---+---+---+---+---+
| 3 | 6 | 7 | 9 | 2 | 8 | 5 | 4 | 1 |
+---+---+---+---+---+---+---+---+---+
| 2 | 8 | 5 | 1 | 7 | 4 | 3 | 6 | 9 |
+---+---+---+---+---+---+---+---+---+
| 7 | 3 | 6 | 5 | 8 | 2 | 1 | 9 | 4 |
+---+---+---+---+---+---+---+---+---+
| 5 | 1 | 2 | 4 | 9 | 3 | 6 | 7 | 8 |
+---+---+---+---+---+---+---+---+---+
| 8 | 4 | 9 | 7 | 1 | 6 | 2 | 5 | 3 |
+---+---+---+---+---+---+---+---+---+
| 6 | 5 | 3 | 8 | 4 | 1 | 9 | 2 | 7 |
+---+---+---+---+---+---+---+---+---+
| 9 | 2 | 4 | 3 | 6 | 7 | 8 | 1 | 5 |
+---+---+---+---+---+---+---+---+---+
| 1 | 7 | 8 | 2 | 5 | 9 | 4 | 3 | 6 |
+---+---+---+---+---+---+---+---+---+

Id: d460cd926caf
Difficulty: 7.2
