+---+---+---+---+---+---+---+---+---+
| 2 | 4 | 1 | 6 | 3 | 7 | 5 | 9 | 8 |
+---+---+---+---+---+---+---+---+---+
| 5 | 8 | 3 | 1 | 9 | 2 | 6 | 4 | 7 |
+---+---+---+---+---+---+---+---+---+
| 6 | 7 | 9 | 4 | 5 | 8 | 1 | 2 | 3 |
+---+---+---+---+---+---+---+---+---+
| 4 | 3 | 2 | 8 | 1 | 5 | 9 | 7 | 6 |
+---+---+---+---+---+---+---+---+---+
| 7 | 9 | 5 | 3 | 6 | 4 | 2 | 8 | 1 |
+---+---+---+---+---+---+---+---+---+
| 8 | 1 | 6 | 7 | 2 | 9 | 3 | 5 | 4 |
+---+---+---+---+---+---+---+---+---+
| 9 | 6 | 7 | 2 | 8 | 3 | 4 | 1 | 5 |
+---+---+---+---+---+---+---+---+---+
| 1 | 5 | 4 | 9 | 7 | 6 | 8 | 3 | 2 |
+---+---+---+---+---+---+---+---+---+
| 3 | 2 | 8 | 5 | 4 | 1 | 7 | 6 | 9 |
+---+---+---+---+---+---+---+---+---+

Id: 495ee4302719
Difficulty: 7.3
