+---+---+---+---+---+---+---+---+---+
| 8 | 6 | 9 | 1 | 3 | 5 | 2 | 4 | 7 |
+---+---+---+---+---+---+---+---+---+
| 7 | 5 | 3 | 8 | 2 | 4 | 9 | 1 | 6 |
+---+---+---+---+---+---+---+---+---+
| 4 | 1 | 2 | 7 | 6 | 9 | 8 | 3 | 5 |
+---+---+---+---+---+---+---+---+---+
| 3 | 4 | 1 | 6 | 8 | 7 | 5 | 9 | 2 |
+---+---+---+---+---+---+---+---+---+
| 5 | 9 | 8 | 2 | 4 | 3 | 6 | 7 | 1 |
+---+---+---+---+---+---+---+---+---+
| 2 | 7 | 6 | 5 | 9 | 1 | 3 | 8 | 4 |
+---+---+---+---+---+---+---+---+---+
| 9 | 8 | 7 | 4 | 5 | 2 | 1 | 6 | 3 |
+---+---+---+---+---+---+---+---+---+
| 6 | 2 | 4 | 3 | 1 | 8 | 7 | 5 | 9 |
+---+---+---+---+---+---+---+---+---+
| 1 | 3 | 5 | 9 | 7 | 6 | 4 | 2 | 8 |
+---+---+---+---+---+---+---+---+---+

Id: 6785717205b1
Difficulty: 7.5
