+---+---+---+---+---+---+---+---+---+
| 2 | 3 | 6 | 7 | 4 | 5 | 9 | 8 | 1 |
+---+---+---+---+---+---+---+---+---+
| 8 | 4 | 7 | 1 | 9 | 2 | 3 | 6 | 5 |
+---+---+---+---+---+---+---+---+---+
| 1 | 5 | 9 | 8 | 6 | 3 | 7 | 2 | 4 |
+---+---+---+---+---+---+---+---+---+
| 7 | 1 | 8 | 5 | 2 | 6 | 4 | 3 | 9 |
+---+---+---+---+---+---+---+---+---+
| 4 | 6 | 3 | 9 | 7 | 1 | 8 | 5 | 2 |
+---+---+---+---+---+---+---+---+---+
| 5 | 9 | 2 | 4 | 3 | 8 | 1 | 7 | 6 |
+---+---+---+---+---+---+---+---+---+
| 9 | 7 | 5 | 2 | 8 | 4 | 6 | 1 | 3 |
+---+---+---+---+---+---+---+---+---+
| 3 | 2 | 4 | 6 | 1 | 7 | 5 | 9 | 8 |
+---+---+---+---+---+---+---+---+---+
| 6 | 8 | 1 | 3 | 5 | 9 | 2 | 4 | 7 |
+---+---+---+---+---+---+---+---+---+

Id: 32726b0ce1be
Difficulty: 7.7
