+---+---+---+---+---+---+---+---+---+
| 1 | 3 | 7 | 2 | 8 | 5 | 6 | 9 | 4 |
+---+---+---+---+---+---+---+---+---+
| 4 | 8 | 2 | 6 | 9 | 3 | 5 | 1 | 7 |
+---+---+---+---+---+---+---+---+---+
| 9 | 5 | 6 | 4 | 7 | 1 | 2 | 8 | 3 |
+---+---+---+---+---+---+---+---+---+
| 7 | 6 | 1 | 5 | 4 | 9 | 8 | 3 | 2 |
+---+---+---+---+---+---+---+---+---+
| 5 | 2 | 3 | 8 | 6 | 7 | 1 | 4 | 9 |
+---+---+---+---+---+---+---+---+---+
| 8 | 9 | 4 | 1 | 3 | 2 | 7 | 6 | 5 |
+---+---+---+---+---+---+---+---+---+
| 6 | 7 | 8 | 3 | 5 | 4 | 9 | 2 | 1 |
+---+---+---+---+---+---+---+---+---+
| 2 | 4 | 5 | 9 | 1 | 8 | 3 | 7 | 6 |
+---+---+---+---+---+---+---+---+---+
| 3 | 1 | 9 | 7 | 2 | 6 | 4 | 5 | 8 |
+---+---+---+---+---+---+---+---+---+

Id: 3a7bf99145db
Difficulty: 7.8
