+---+---+---+---+---+---+---+---+---+
| 2 | 6 | 8 | 7 | 1 | 4 | 9 | 5 | 3 |
+---+---+---+---+---+---+---+---+---+
| 9 | 3 | 1 | 5 | 8 | 6 | 2 | 4 | 7 |
+---+---+---+---+---+---+---+---+---+
| 7 | 4 | 5 | 9 | 3 | 2 | 8 | 1 | 6 |
+---+---+---+---+---+---+---+---+---+
| 5 | 8 | 4 | 6 | 7 | 1 | 3 | 2 | 9 |
+---+---+---+---+---+---+---+---+---+
| 3 | 7 | 2 | 8 | 9 | 5 | 1 | 6 | 4 |
+---+---+---+---+---+---+---+---+---+
| 6 | 1 | 9 | 2 | 4 | 3 | 7 | 8 | 5 |
+---+---+---+---+---+---+---+---+---+
| 4 | 9 | 6 | 3 | 2 | 8 | 5 | 7 | 1 |
+---+---+---+---+---+---+---+---+---+
| 8 | 5 | 7 | 1 | 6 | 9 | 4 | 3 | 2 |
+---+---+---+---+---+---+---+---+---+
| 1 | 2 | 3 | 4 | 5 | 7 | 6 | 9 | 8 |
+---+---+---+---+---+---+---+---+---+

Id: 201aef8ee66e
Difficulty: 7.8
