+---+---+---+---+---+---+---+---+---+
| 1 | 3 | 4 | 7 | 9 | 8 | 2 | 5 | 6 |
+---+---+---+---+---+---+---+---+---+
| 7 | 5 | 9 | 2 | 6 | 3 | 4 | 8 | 1 |
+---+---+---+---+---+---+---+---+---+
| 8 | 6 | 2 | 1 | 5 | 4 | 7 | 3 | 9 |
+---+---+---+---+---+---+---+---+---+
| 5 | 2 | 7 | 6 | 3 | 1 | 9 | 4 | 8 |
+---+---+---+---+---+---+---+---+---+
| 6 | 4 | 3 | 8 | 7 | 9 | 5 | 1 | 2 |
+---+---+---+---+---+---+---+---+---+
| 9 | 1 | 8 | 4 | 2 | 5 | 6 | 7 | 3 |
+---+---+---+---+---+---+---+---+---+
| 3 | 9 | 1 | 5 | 4 | 2 | 8 | 6 | 7 |
+---+---+---+---+---+---+---+---+---+
| 4 | 8 | 6 | 9 | 1 | 7 | 3 | 2 | 5 |
+---+---+---+---+---+---+---+---+---+
| 2 | 7 | 5 | 3 | 8 | 6 | 1 | 9 | 4 |
+---+---+---+---+---+---+---+---+---+

Id: a500ad05c319
Difficulty: 7.9
