+---+---+---+---+---+---+---+---+---+
| 4 | 5 | 9 | 6 | 8 | 3 | 1 | 7 | 2 |
+---+---+---+---+---+---+---+---+---+
| 7 | 8 | 2 | 1 | 5 | 9 | 4 | 3 | 6 |
+---+---+---+---+---+---+---+---+---+
| 3 | 6 | 1 | 7 | 2 | 4 | 9 | 8 | 5 |
+---+---+---+---+---+---+---+---+---+
| 6 | 7 | 3 | 2 | 9 | 1 | 8 | 5 | 4 |
+---+---+---+---+---+---+---+---+---+
| 2 | 9 | 8 | 4 | 3 | 5 | 6 | 1 | 7 |
+---+---+---+---+---+---+---+---+---+
| 5 | 1 | 4 | 8 | 7 | 6 | 3 | 2 | 9 |
+---+---+---+---+---+---+---+---+---+
| 8 | 4 | 5 | 9 | 1 | 2 | 7 | 6 | 3 |
+---+---+---+---+---+---+---+---+---+
| 1 | 3 | 6 | 5 | 4 | 7 | 2 | 9 | 8 |
+---+---+---+---+---+---+---+---+---+
| 9 | 2 | 7 | 3 | 6 | 8 | 5 | 4 | 1 |
+---+---+---+---+---+---+---+---+---+

Id: e5f8907f70cc
Difficulty: 7.9
