+---+---+---+---+---+---+---+---+---+
| 9 | 8 | 7 | 6 | 4 | 3 | 1 | 5 | 2 |
+---+---+---+---+---+---+---+---+---+
| 6 | 4 | 1 | 7 | 2 | 5 | 8 | 3 | 9 |
+---+---+---+---+---+---+---+---+---+
| 3 | 2 | 5 | 1 | 9 | 8 | 7 | 4 | 6 |
+---+---+---+---+---+---+---+---+---+
| 4 | 6 | 2 | 9 | 8 | 1 | 3 | 7 | 5 |
+---+---+---+---+---+---+---+---+---+
| 7 | 3 | 8 | 5 | 6 | 4 | 9 | 2 | 1 |
+---+---+---+---+---+---+---+---+---+
| 1 | 5 | 9 | 3 | 7 | 2 | 4 | 6 | 8 |
+---+---+---+---+---+---+---+---+---+
| 2 | 1 | 6 | 8 | 3 | 7 | 5 | 9 | 4 |
+---+---+---+---+---+---+---+---+---+
| 8 | 7 | 4 | 2 | 5 | 9 | 6 | 1 | 3 |
+---+---+---+---+---+---+---+---+---+
| 5 | 9 | 3 | 4 | 1 | 6 | 2 | 8 | 7 |
+---+---+---+---+---+---+---+---+---+

Id: 85f3accad24f
Difficulty: 7.9
