+---+---+---+---+---+---+---+---+---+
| 2 | 3 | 4 | 7 | 6 | 1 | 5 | 8 | 9 |
+---+---+---+---+---+---+---+---+---+
| 8 | 7 | 9 | 3 | 2 | 5 | 4 | 1 | 6 |
+---+---+---+---+---+---+---+---+---+
| 5 | 1 | 6 | 9 | 4 | 8 | 7 | 2 | 3 |
+---+---+---+---+---+---+---+---+---+
| 9 | 4 | 8 | 6 | 5 | 2 | 3 | 7 | 1 |
+---+---+---+---+---+---+---+---+---+
| 7 | 6 | 5 | 1 | 8 | 3 | 9 | 4 | 2 |
+---+---+---+---+---+---+---+---+---+
| 1 | 2 | 3 | 4 | 9 | 7 | 6 | 5 | 8 |
+---+---+---+---+---+---+---+---+---+
| 3 | 5 | 1 | 2 | 7 | 6 | 8 | 9 | 4 |
+---+---+---+---+---+---+---+---+---+
| 4 | 8 | 2 | 5 | 3 | 9 | 1 | 6 | 7 |
+---+---+---+---+---+---+---+---+---+
| 6 | 9 | 7 | 8 | 1 | 4 | 2 | 3 | 5 |
+---+---+---+---+---+---+---+---+---+

Id: 7ef23ca7c744
Difficulty: 8.0
