+---+---+---+---+---+---+---+---+---+
| 6 | 7 | 3 | 1 | 2 | 5 | 8 | 4 | 9 |
+---+---+---+---+---+---+---+---+---+
| 9 | 2 | 1 | 4 | 3 | 8 | 7 | 6 | 5 |
+---+---+---+---+---+---+---+---+---+
| 4 | 8 | 5 | 6 | 9 | 7 | 3 | 2 | 1 |
+---+---+---+---+---+---+---+---+---+
| 3 | 9 | 7 | 2 | 4 | 1 | 6 | 5 | 8 |
+---+---+---+---+---+---+---+---+---+
| 1 | 6 | 4 | 8 | 5 | 9 | 2 | 7 | 3 |
+---+---+---+---+---+---+---+---+---+
| 2 | 5 | 8 | 7 | 6 | 3 | 9 | 1 | 4 |
+---+---+---+---+---+---+---+---+---+
| 7 | 3 | 2 | 9 | 1 | 4 | 5 | 8 | 6 |
+---+---+---+---+---+---+---+---+---+
| 5 | 4 | 6 | 3 | 8 | 2 | 1 | 9 | 7 |
+---+---+---+---+---+---+---+---+---+
| 8 | 1 | 9 | 5 | 7 | 6 | 4 | 3 | 2 |
+---+---+---+---+---+---+---+---+---+

Id: 41245fb24a6b
Difficulty: 8.1
