+---+---+---+---+---+---+---+---+---+
| 6 | 5 | 2 | 4 | 7 | 9 | 3 | 1 | 8 |
+---+---+---+---+---+---+---+---+---+
| 4 | 1 | 7 | 3 | 5 | 8 | 6 | 2 | 9 |
+---+---+---+---+---+---+---+---+---+
| 3 | 9 | 8 | 2 | 1 | 6 | 4 | 5 | 7 |
+---+---+---+---+---+---+---+---+---+
| 7 | 4 | 3 | 1 | 8 | 5 | 9 | 6 | 2 |
+---+---+---+---+---+---+---+---+---+
| 9 | 6 | 1 | 7 | 3 | 2 | 8 | 4 | 5 |
+---+---+---+---+---+---+---+---+---+
| 2 | 8 | 5 | 9 | 6 | 4 | 7 | 3 | 1 |
+---+---+---+---+---+---+---+---+---+
| 8 | 2 | 6 | 5 | 9 | 3 | 1 | 7 | 4 |
+---+---+---+---+---+---+---+---+---+
| 5 | 7 | 9 | 6 | 4 | 1 | 2 | 8 | 3 |
+---+---+---+---+---+---+---+---+---+
| 1 | 3 | 4 | 8 | 2 | 7 | 5 | 9 | 6 |
+---+---+---+---+---+---+---+---+---+

Id: aeedb91d8d29
Difficulty: 8.1
