+---+---+---+---+---+---+---+---+---+
| 9 | 5 | 8 | 6 | 4 | 3 | 1 | 2 | 7 |
+---+---+---+---+---+---+---+---+---+
| 4 | 3 | 7 | 2 | 1 | 5 | 8 | 9 | 6 |
+---+---+---+---+---+---+---+---+---+
| 1 | 6 | 2 | 9 | 7 | 8 | 5 | 4 | 3 |
+---+---+---+---+---+---+---+---+---+
| 7 | 4 | 3 | 1 | 5 | 6 | 2 | 8 | 9 |
+---+---+---+---+---+---+---+---+---+
| 6 | 2 | 1 | 4 | 8 | 9 | 3 | 7 | 5 |
+---+---+---+---+---+---+---+---+---+
| 5 | 8 | 9 | 7 | 3 | 2 | 6 | 1 | 4 |
+---+---+---+---+---+---+---+---+---+
| 3 | 1 | 4 | 8 | 6 | 7 | 9 | 5 | 2 |
+---+---+---+---+---+---+---+---+---+
| 2 | 7 | 6 | 5 | 9 | 1 | 4 | 3 | 8 |
+---+---+---+---+---+---+---+---+---+
| 8 | 9 | 5 | 3 | 2 | 4 | 7 | 6 | 1 |
+---+---+---+---+---+---+---+---+---+

Id: e22f337db8da
Difficulty: 8.2
