+---+---+---+---+---+---+---+---+---+
| 1 | 3 | 2 | 9 | 8 | 5 | 6 | 4 | 7 |
+---+---+---+---+---+---+---+---+---+
| 5 | 6 | 9 | 7 | 3 | 4 | 8 | 2 | 1 |
+---+---+---+---+---+---+---+---+---+
| 8 | 4 | 7 | 2 | 6 | 1 | 9 | 3 | 5 |
+---+---+---+---+---+---+---+---+---+
| 3 | 2 | 1 | 4 | 9 | 8 | 5 | 7 | 6 |
+---+---+---+---+---+---+---+---+---+
| 9 | 7 | 4 | 1 | 5 | 6 | 3 | 8 | 2 |
+---+---+---+---+---+---+---+---+---+
| 6 | 8 | 5 | 3 | 2 | 7 | 1 | 9 | 4 |
+---+---+---+---+---+---+---+---+---+
| 4 | 1 | 8 | 6 | 7 | 9 | 2 | 5 | 3 |
+---+---+---+---+---+---+---+---+---+
| 2 | 9 | 6 | 5 | 4 | 3 | 7 | 1 | 8 |
+---+---+---+---+---+---+---+---+---+
| 7 | 5 | 3 | 8 | 1 | 2 | 4 | 6 | 9 |
+---+---+---+---+---+---+---+---+---+

Id: 72158e6c1184
Difficulty: 8.2
