+---+---+---+---+---+---+---+---+---+
| 7 | 3 | 8 | 2 | 9 | 4 | 5 | 6 | 1 |
+---+---+---+---+---+---+---+---+---+
| 9 | 1 | 4 | 3 | 6 | 5 | 2 | 8 | 7 |
+---+---+---+---+---+---+---+---+---+
| 2 | 6 | 5 | 1 | 8 | 7 | 3 | 4 | 9 |
+---+---+---+---+---+---+---+---+---+
| 8 | 2 | 9 | 7 | 3 | 1 | 6 | 5 | 4 |
+---+---+---+---+---+---+---+---+---+
| 6 | 5 | 7 | 4 | 2 | 8 | 9 | 1 | 3 |
+---+---+---+---+---+---+---+---+---+
| 3 | 4 | 1 | 9 | 5 | 6 | 7 | 2 | 8 |
+---+---+---+---+---+---+---+---+---+
| 5 | 7 | 6 | 8 | 4 | 3 | 1 | 9 | 2 |
+---+---+---+---+---+---+---+---+---+
| 1 | 8 | 2 | 5 | 7 | 9 | 4 | 3 | 6 |
+---+---+---+---+---+---+---+---+---+
| 4 | 9 | 3 | 6 | 1 | 2 | 8 | 7 | 5 |
+---+---+---+---+---+---+---+---+---+

Id: 4cca214eb4b4
Difficulty: 8.7
