+---+---+---+---+---+---+---+---+---+
| 9 | 8 | 6 | 2 | 5 | 3 | 7 | 1 | 4 |
+---+---+---+---+---+---+---+---+---+
| 1 | 4 | 2 | 8 | 9 | 7 | 6 | 5 | 3 |
+---+---+---+---+---+---+---+---+---+
| 7 | 5 | 3 | 6 | 1 | 4 | 8 | 2 | 9 |
+---+---+---+---+---+---+---+---+---+
| 6 | 2 | 8 | 1 | 4 | 5 | 9 | 3 | 7 |
+---+---+---+---+---+---+---+---+---+
| 5 | 3 | 9 | 7 | 8 | 2 | 4 | 6 | 1 |
+---+---+---+---+---+---+---+---+---+
| 4 | 7 | 1 | 9 | 3 | 6 | 2 | 8 | 5 |
+---+---+---+---+---+---+---+---+---+
| 8 | 1 | 7 | 5 | 2 | 9 | 3 | 4 | 6 |
+---+---+---+---+---+---+---+---+---+
| 2 | 6 | 4 | 3 | 7 | 1 | 5 | 9 | 8 |
+---+---+---+---+---+---+---+---+---+
| 3 | 9 | 5 | 4 | 6 | 8 | 1 | 7 | 2 |
+---+---+---+---+---+---+---+---+---+

Id: fefab5bb7e17
Difficulty: 8.8
