+---+---+---+---+---+---+---+---+---+
| 9 | 4 | 1 | 6 | 8 | 5 | 7 | 3 | 2 |
+---+---+---+---+---+---+---+---+---+
| 8 | 2 | 7 | 3 | 9 | 4 | 6 | 5 | 1 |
+---+---+---+---+---+---+---+---+---+
| 5 | 3 | 6 | 7 | 1 | 2 | 4 | 9 | 8 |
+---+---+---+---+---+---+---+---+---+
| 3 | 8 | 4 | 5 | 7 | 6 | 2 | 1 | 9 |
+---+---+---+---+---+---+---+---+---+
| 7 | 6 | 9 | 8 | 2 | 1 | 5 | 4 | 3 |
+---+---+---+---+---+---+---+---+---+
| 1 | 5 | 2 | 4 | 3 | 9 | 8 | 7 | 6 |
+---+---+---+---+---+---+---+---+---+
| 4 | 1 | 8 | 9 | 6 | 7 | 3 | 2 | 5 |
+---+---+---+---+---+---+---+---+---+
| 6 | 9 | 5 | 2 | 4 | 3 | 1 | 8 | 7 |
+---+---+---+---+---+---+---+---+---+
| 2 | 7 | 3 | 1 | 5 | 8 | 9 | 6 | 4 |
+---+---+---+---+---+---+---+---+---+

Id: 232783cd3022
Difficulty: 8.9
