+---+---+---+---+---+---+---+---+---+
| 6 | 3 | 8 | 9 | 4 | 2 | 5 | 7 | 1 |
+---+---+---+---+---+---+---+---+---+
| 4 | 1 | 5 | 6 | 7 | 3 | 8 | 2 | 9 |
+---+---+---+---+---+---+---+---+---+
| 7 | 2 | 9 | 1 | 8 | 5 | 6 | 3 | 4 |
+---+---+---+---+---+---+---+---+---+
| 1 | 9 | 7 | 4 | 6 | 8 | 2 | 5 | 3 |
+---+---+---+---+---+---+---+---+---+
| 5 | 6 | 4 | 2 | 3 | 1 | 9 | 8 | 7 |
+---+---+---+---+---+---+---+---+---+
| 3 | 8 | 2 | 7 | 5 | 9 | 4 | 1 | 6 |
+---+---+---+---+---+---+---+---+---+
| 8 | 5 | 6 | 3 | 1 | 4 | 7 | 9 | 2 |
+---+---+---+---+---+---+---+---+---+
| 9 | 4 | 3 | 8 | 2 | 7 | 1 | 6 | 5 |
+---+---+---+---+---+---+---+---+---+
| 2 | 7 | 1 | 5 | 9 | 6 | 3 | 4 | 8 |
+---+---+---+---+---+---+---+---+---+

Id: f4cc85a57af7
Difficulty: 8.9
