+---+---+---+---+---+---+---+---+---+
| 4 | 2 | 5 | 3 | 9 | 6 | 1 | 7 | 8 |
+---+---+---+---+---+---+---+---+---+
| 6 | 7 | 3 | 5 | 1 | 8 | 2 | 9 | 4 |
+---+---+---+---+---+---+---+---+---+
| 9 | 1 | 8 | 7 | 4 | 2 | 3 | 5 | 6 |
+---+---+---+---+---+---+---+---+---+
| 5 | 3 | 9 | 2 | 6 | 1 | 4 | 8 | 7 |
+---+---+---+---+---+---+---+---+---+
| 8 | 4 | 7 | 9 | 3 | 5 | 6 | 2 | 1 |
+---+---+---+---+---+---+---+---+---+
| 2 | 6 | 1 | 4 | 8 | 7 | 9 | 3 | 5 |
+---+---+---+---+---+---+---+---+---+
| 3 | 8 | 4 | 6 | 7 | 9 | 5 | 1 | 2 |
+---+---+---+---+---+---+---+---+---+
| 1 | 9 | 2 | 8 | 5 | 4 | 7 | 6 | 3 |
+---+---+---+---+---+---+---+---+---+
| 7 | 5 | 6 | 1 | 2 | 3 | 8 | 4 | 9 |
+---+---+---+---+---+---+---+---+---+

Id: 76e67c30bf94
Difficulty: 8.9
