+---+---+---+---+---+---+---+---+---+
| 7 | 3 | 9 | 2 | 5 | 6 | 1 | 4 | 8 |
+---+---+---+---+---+---+---+---+---+
| 2 | 4 | 5 | 3 | 8 | 1 | 7 | 9 | 6 |
+---+---+---+---+---+---+---+---+---+
| 6 | 8 | 1 | 7 | 4 | 9 | 5 | 3 | 2 |
+---+---+---+---+---+---+---+---+---+
| 4 | 5 | 2 | 1 | 6 | 3 | 9 | 8 | 7 |
+---+---+---+---+---+---+---+---+---+
| 3 | 1 | 6 | 8 | 9 | 7 | 4 | 2 | 5 |
+---+---+---+---+---+---+---+---+---+
| 8 | 9 | 7 | 5 | 2 | 4 | 3 | 6 | 1 |
+---+---+---+---+---+---+---+---+---+
| 5 | 6 | 3 | 9 | 1 | 8 | 2 | 7 | 4 |
+---+---+---+---+---+---+---+---+---+
| 1 | 7 | 8 | 4 | 3 | 2 | 6 | 5 | 9 |
+---+---+---+---+---+---+---+---+---+
| 9 | 2 | 4 | 6 | 7 | 5 | 8 | 1 | 3 |
+---+---+---+---+---+---+---+---+---+

Id: 0c7c1c0f6f84
Difficulty: 9.0
