+---+---+---+---+---+---+---+---+---+
| 6 | 2 | 7 | 5 | 3 | 1 | 9 | 8 | 4 |
+---+---+---+---+---+---+---+---+---+
| 8 | 9 | 4 | 7 | 6 | 2 | 3 | 1 | 5 |
+---+---+---+---+---+---+---+---+---+
| 3 | 5 | 1 | 4 | 8 | 9 | 2 | 7 | 6 |
+---+---+---+---+---+---+---+---+---+
| 1 | 4 | 6 | 3 | 5 | 7 | 8 | 2 | 9 |
+---+---+---+---+---+---+---+---+---+
| 2 | 7 | 8 | 1 | 9 | 6 | 4 | 5 | 3 |
+---+---+---+---+---+---+---+---+---+
| 5 | 3 | 9 | 8 | 2 | 4 | 7 | 6 | 1 |
+---+---+---+---+---+---+---+---+---+
| 4 | 1 | 3 | 6 | 7 | 8 | 5 | 9 | 2 |
+---+---+---+---+---+---+---+---+---+
| 7 | 6 | 2 | 9 | 4 | 5 | 1 | 3 | 8 |
+---+---+---+---+---+---+---+---+---+
| 9 | 8 | 5 | 2 | 1 | 3 | 6 | 4 | 7 |
+---+---+---+---+---+---+---+---+---+

Id: a53860333ea4
Difficulty: 9.0
