+---+---+---+---+---+---+---+---+---+
| 4 | 7 | 5 | 9 | 1 | 8 | 3 | 6 | 2 |
+---+---+---+---+---+---+---+---+---+
| 8 | 3 | 2 | 4 | 7 | 6 | 1 | 5 | 9 |
+---+---+---+---+---+---+---+---+---+
| 1 | 9 | 6 | 3 | 5 | 2 | 4 | 7 | 8 |
+---+---+---+---+---+---+---+---+---+
| 7 | 6 | 4 | 1 | 2 | 5 | 9 | 8 | 3 |
+---+---+---+---+---+---+---+---+---+
| 9 | 5 | 3 | 6 | 8 | 4 | 2 | 1 | 7 |
+---+---+---+---+---+---+---+---+---+
| 2 | 8 | 1 | 7 | 3 | 9 | 6 | 4 | 5 |
+---+---+---+---+---+---+---+---+---+
| 3 | 2 | 8 | 5 | 6 | 1 | 7 | 9 | 4 |
+---+---+---+---+---+---+---+---+---+
| 5 | 1 | 9 | 2 | 4 | 7 | 8 | 3 | 6 |
+---+---+---+---+---+---+---+---+---+
| 6 | 4 | 7 | 8 | 9 | 3 | 5 | 2 | 1 |
+---+---+---+---+---+---+---+---+---+

Id: 1f18af46f600
Difficulty: 9.1
