+---+---+---+---+---+---+---+---+---+
| 7 | 9 | 6 | 4 | 1 | 2 | 3 | 5 | 8 |
+---+---+---+---+---+---+---+---+---+
| 2 | 3 | 1 | 8 | 5 | 9 | 6 | 4 | 7 |
+---+---+---+---+---+---+---+---+---+
| 8 | 5 | 4 | 3 | 7 | 6 | 2 | 1 | 9 |
+---+---+---+---+---+---+---+---+---+
| 1 | 6 | 7 | 9 | 4 | 5 | 8 | 2 | 3 |
+---+---+---+---+---+---+---+---+---+
| 5 | 4 | 2 | 7 | 8 | 3 | 9 | 6 | 1 |
+---+---+---+---+---+---+---+---+---+
| 9 | 8 | 3 | 2 | 6 | 1 | 5 | 7 | 4 |
+---+---+---+---+---+---+---+---+---+
| 4 | 2 | 5 | 1 | 9 | 8 | 7 | 3 | 6 |
+---+---+---+---+---+---+---+---+---+
| 6 | 1 | 9 | 5 | 3 | 7 | 4 | 8 | 2 |
+---+---+---+---+---+---+---+---+---+
| 3 | 7 | 8 | 6 | 2 | 4 | 1 | 9 | 5 |
+---+---+---+---+---+---+---+---+---+

Id: 2de55d166f44
Difficulty: 9.1
