+---+---+---+---+---+---+---+---+---+
| 4 | 1 | 8 | 7 | 6 | 9 | 2 | 3 | 5 |
+---+---+---+---+---+---+---+---+---+
| 5 | 2 | 7 | 3 | 8 | 4 | 6 | 9 | 1 |
+---+---+---+---+---+---+---+---+---+
| 3 | 9 | 6 | 2 | 1 | 5 | 8 | 7 | 4 |
+---+---+---+---+---+---+---+---+---+
| 1 | 3 | 2 | 4 | 7 | 6 | 9 | 5 | 8 |
+---+---+---+---+---+---+---+---+---+
| 8 | 4 | 9 | 5 | 2 | 3 | 7 | 1 | 6 |
+---+---+---+---+---+---+---+---+---+
| 7 | 6 | 5 | 8 | 9 | 1 | 3 | 4 | 2 |
+---+---+---+---+---+---+---+---+---+
| 6 | 8 | 4 | 1 | 3 | 7 | 5 | 2 | 9 |
+---+---+---+---+---+---+---+---+---+
| 9 | 7 | 1 | 6 | 5 | 2 | 4 | 8 | 3 |
+---+---+---+---+---+---+---+---+---+
| 2 | 5 | 3 | 9 | 4 | 8 | 1 | 6 | 7 |
+---+---+---+---+---+---+---+---+---+

Id: fe2a6be66470
Difficulty: 9.1
