+---+---+---+---+---+---+---+---+---+
| 2 | 1 | 7 | 3 | 5 | 9 | 4 | 6 | 8 |
+---+---+---+---+---+---+---+---+---+
| 8 | 4 | 6 | 1 | 2 | 7 | 3 | 5 | 9 |
+---+---+---+---+---+---+---+---+---+
| 3 | 9 | 5 | 8 | 4 | 6 | 7 | 2 | 1 |
+---+---+---+---+---+---+---+---+---+
| 6 | 7 | 1 | 5 | 8 | 2 | 9 | 4 | 3 |
+---+---+---+---+---+---+---+---+---+
| 9 | 3 | 2 | 6 | 1 | 4 | 8 | 7 | 5 |
+---+---+---+---+---+---+---+---+---+
| 5 | 8 | 4 | 9 | 7 | 3 | 2 | 1 | 6 |
+---+---+---+---+---+---+---+---+---+
| 1 | 2 | 9 | 4 | 6 | 8 | 5 | 3 | 7 |
+---+---+---+---+---+---+---+---+---+
| 7 | 5 | 3 | 2 | 9 | 1 | 6 | 8 | 4 |
+---+---+---+---+---+---+---+---+---+
| 4 | 6 | 8 | 7 | 3 | 5 | 1 | 9 | 2 |
+---+---+---+---+---+---+---+---+---+

Id: 254a1ae19372
Difficulty: 9.1
