+---+---+---+---+---+---+---+---+---+
| 9 | 4 | 3 | 7 | 5 | 2 | 6 | 8 | 1 |
+---+---+---+---+---+---+---+---+---+
| 2 | 7 | 6 | 8 | 1 | 4 | 9 | 5 | 3 |
+---+---+---+---+---+---+---+---+---+
| 8 | 1 | 5 | 3 | 6 | 9 | 2 | 4 | 7 |
+---+---+---+---+---+---+---+---+---+
| 7 | 9 | 1 | 5 | 4 | 3 | 8 | 2 | 6 |
+---+---+---+---+---+---+---+---+---+
| 4 | 5 | 2 | 6 | 8 | 1 | 7 | 3 | 9 |
+---+---+---+---+---+---+---+---+---+
| 3 | 6 | 8 | 9 | 2 | 7 | 4 | 1 | 5 |
+---+---+---+---+---+---+---+---+---+
| 6 | 3 | 4 | 1 | 7 | 8 | 5 | 9 | 2 |
+---+---+---+---+---+---+---+---+---+
| 1 | 2 | 7 | 4 | 9 | 5 | 3 | 6 | 8 |
+---+---+---+---+---+---+---+---+---+
| 5 | 8 | 9 | 2 | 3 | 6 | 1 | 7 | 4 |
+---+---+---+---+---+---+---+---+---+

Id: c1f8da382706
Difficulty: 9.2
