+---+---+---+---+---+---+---+---+---+
| 3 | 7 | 1 | 5 | 4 | 2 | 9 | 8 | 6 |
+---+---+---+---+---+---+---+---+---+
| 5 | 4 | 6 | 8 | 9 | 7 | 2 | 1 | 3 |
+---+---+---+---+---+---+---+---+---+
| 9 | 2 | 8 | 3 | 1 | 6 | 4 | 5 | 7 |
+---+---+---+---+---+---+---+---+---+
| 4 | 9 | 7 | 6 | 5 | 1 | 8 | 3 | 2 |
+---+---+---+---+---+---+---+---+---+
| 2 | 1 | 3 | 9 | 8 | 4 | 6 | 7 | 5 |
+---+---+---+---+---+---+---+---+---+
| 6 | 8 | 5 | 2 | 7 | 3 | 1 | 9 | 4 |
+---+---+---+---+---+---+---+---+---+
| 7 | 5 | 9 | 4 | 2 | 8 | 3 | 6 | 1 |
+---+---+---+---+---+---+---+---+---+
| 8 | 3 | 2 | 1 | 6 | 5 | 7 | 4 | 9 |
+---+---+---+---+---+---+---+---+---+
| 1 | 6 | 4 | 7 | 3 | 9 | 5 | 2 | 8 |
+---+---+---+---+---+---+---+---+---+

Id: e2539a32fc80
Difficulty: 9.2
