+---+---+---+---+---+---+---+---+---+
|   | 3 | 8 | 4 |   | 6 |   | 2 |   |
+---+---+---+---+---+---+---+---+---+
| 7 |   |   | 5 | 3 |   |   |   | 9 |
+---+---+---+---+---+---+---+---+---+
|   |   |   |   |   | 8 |   |   | 4 |
+---+---+---+---+---+---+---+---+---+
| 8 |   | 3 |   |   |   |   | 1 | 5 |
+---+---+---+---+---+---+---+---+---+
|   | 9 |   |   |   |   |   | 7 |   |
+---+---+---+---+---+---+---+---+---+
| 5 | 1 |   |   |   |   | 2 |   | 8 |
+---+---+---+---+---+---+---+---+---+
| 2 |   |   | 1 |   |   |   |   |   |
+---+---+---+---+---+---+---+---+---+
| 3 |   |   |   | 2 | 4 |   |   | 6 |
+---+---+---+---+---+---+---+---+---+
|   | 8 |   | 6 |   | 5 | 3 | 4 |   |
+---+---+---+---+---+---+---+---+---+

Id: 059dfabf40be
Difficulty: 1.2
