+---+---+---+---+---+---+---+---+---+
|   | 5 |   |   |   |   |   | 7 |   |
+---+---+---+---+---+---+---+---+---+
|   |   | 6 | 7 |   | 5 |   | 1 |   |
+---+---+---+---+---+---+---+---+---+
|   | 1 | 8 |   |   |   | 9 |   | 3 |
+---+---+---+---+---+---+---+---+---+
|   | 2 | 7 |   |   | 1 |   |   |   |
+---+---+---+---+---+---+---+---+---+
|   |   | 3 |   | 4 |   | 1 |   |   |
+---+---+---+---+---+---+---+---+---+
|   |   |   | 6 |   |   | 2 | 3 |   |
+---+---+---+---+---+---+---+---+---+
| 2 |   | 5 |   |   |   | 8 | 9 |   |
+---+---+---+---+---+---+---+---+---+
|   | 6 |   | 5 |   | 8 | 7 |   |   |
+---+---+---+---+---+---+---+---+---+
|   | 8 |   |   |   |   |   | 6 |   |
+---+---+---+---+---+---+---+---+---+

Id: 484808979295
Difficulty: 1.2
