+---+---+---+---+---+---+---+---+---+
|   |   |   | 3 |   | 6 |   |   |   |
+---+---+---+---+---+---+---+---+---+
|   |   |   |   |   |   |   |   |   |
+---+---+---+---+---+---+---+---+---+
| 2 |   | 8 | 9 |   | 4 | 5 |   | 1 |
+---+---+---+---+---+---+---+---+---+
| 5 |   |   | 2 | 3 | 7 |   |   | 6 |
+---+---+---+---+---+---+---+---+---+
|   |   | 4 |   |   |   | 2 |   |   |
+---+---+---+---+---+---+---+---+---+
|   |   | 6 | 4 | 8 | 5 | 9 |   |   |
+---+---+---+---+---+---+---+---+---+
|   | 8 |   |   |   |   |   | 6 |   |
+---+---+---+---+---+---+---+---+---+
|   | 3 |   |   | 2 |   |   | 4 |   |
+---+---+---+---+---+---+---+---+---+
| 1 |   | 7 |   | 4 |   | 3 |   | 2 |
+---+---+---+---+---+---+---+---+---+

Id: 40c05f597dd3
Difficulty: 1.2
