+---+---+---+---+---+---+---+---+---+
|   |   |   |   |   |   | 1 | 2 |   |
+---+---+---+---+---+---+---+---+---+
| 1 |   |   | 2 | 9 |   | 5 |   |   |
+---+---+---+---+---+---+---+---+---+
| 6 | 2 | 3 |   | 5 |   | 8 |   |   |
+---+---+---+---+---+---+---+---+---+
|   |   |   | 4 |   | 2 |   | 5 |   |
+---+---+---+---+---+---+---+---+---+
|   | 4 | 7 |   |   |   | 6 | 1 |   |
+---+---+---+---+---+---+---+---+---+
|   | 5 |   | 8 |   | 6 |   |   |   |
+---+---+---+---+---+---+---+---+---+
|   |   | 6 |   | 4 |   | 2 | 9 | 7 |
+---+---+---+---+---+---+---+---+---+
|   |   | 2 |   | 6 | 9 |   |   | 1 |
+---+---+---+---+---+---+---+---+---+
|   | 3 | 9 |   |   |   |   |   |   |
+---+---+---+---+---+---+---+---+---+

Id: 51bd5b184e61
Difficulty: 1.2
