+---+---+---+---+---+---+---+---+---+
| 9 | 2 |   |   | 6 | 3 |   |   | 1 |
+---+---+---+---+---+---+---+---+---+
|   | 8 | 1 |   | 7 |   |   | 3 | 2 |
+---+---+---+---+---+---+---+---+---+
|   |   |   |   |   |   |   | 9 |   |
+---+---+---+---+---+---+---+---+---+
| 3 |   |   | 6 |   | 1 |   |   |   |
+---+---+---+---+---+---+---+---+---+
| 4 | 1 |   |   |   |   |   | 2 | 9 |
+---+---+---+---+---+---+---+---+---+
|   |   |   | 4 |   | 9 |   |   | 5 |
+---+---+---+---+---+---+---+---+---+
|   | 6 |   |   |   |   |   |   |   |
+---+---+---+---+---+---+---+---+---+
| 2 | 9 |   |   | 1 |   | 5 | 7 |   |
+---+---+---+---+---+---+---+---+---+
| 5 |   |   | 2 | 8 |   |   | 1 | 6 |
+---+---+---+---+---+---+---+---+---+

Id: 4f63d3362bae
Difficulty: 1.2
