+---+---+---+---+---+---+---+---+---+
|   |   |   | 9 | 1 | 2 | 3 | 8 |   |
+---+---+---+---+---+---+---+---+---+
| 1 | 3 |   |   | 5 |   |   | 2 |   |
+---+---+---+---+---+---+---+---+---+
| 2 |   |   | 3 |   | 8 |   |   |   |
+---+---+---+---+---+---+---+---+---+
| 6 |   | 7 | 5 |   | 9 | 4 |   | 3 |
+---+---+---+---+---+---+---+---+---+
| 5 | 1 |   |   |   |   |   | 6 | 9 |
+---+---+---+---+---+---+---+---+---+
| 9 |   | 3 | 1 |   | 6 | 8 |   | 2 |
+---+---+---+---+---+---+---+---+---+
|   |   |   | 6 |   | 5 |   |   | 4 |
+---+---+---+---+---+---+---+---+---+
|   | 9 |   |   | 4 |   |   | 7 | 8 |
+---+---+---+---+---+---+---+---+---+
|   | 2 | 6 | 8 | 9 | 7 |   |   |   |
+---+---+---+---+---+---+---+---+---+

Id: 98949280cbc8
Difficulty: 1.2
