+---+---+---+---+---+---+---+---+---+
|   | 2 | 3 |   | 1 | 5 |   |   |   |
+---+---+---+---+---+---+---+---+---+
|   |   | 8 | 3 | 9 |   | 4 |   | 2 |
+---+---+---+---+---+---+---+---+---+
|   | 6 |   |   | 2 |   |   | 1 | 3 |
+---+---+---+---+---+---+---+---+---+
| 7 |   |   |   |   |   |   | 6 |   |
+---+---+---+---+---+---+---+---+---+
| 6 | 9 | 2 |   |   |   | 5 | 3 | 8 |
+---+---+---+---+---+---+---+---+---+
|   | 8 |   |   |   |   |   |   | 7 |
+---+---+---+---+---+---+---+---+---+
| 5 | 4 |   |   | 8 |   |   | 2 |   |
+---+---+---+---+---+---+---+---+---+
| 2 |   | 6 |   | 5 | 3 | 8 |   |   |
+---+---+---+---+---+---+---+---+---+
|   |   |   | 2 | 4 |   | 6 | 7 |   |
+---+---+---+---+---+---+---+---+---+

Id: 8f77f81dbacb
Difficulty: 1.2
