+---+---+---+---+---+---+---+---+---+
|   | 9 |   |   | 4 | 8 |   |   |   |
+---+---+---+---+---+---+---+---+---+
|   |   | 1 |   |   | 6 | 4 |   | 8 |
+---+---+---+---+---+---+---+---+---+
|   | 4 | 2 |   | 3 |   | 6 | 1 |   |
+---+---+---+---+---+---+---+---+---+
| 4 | 8 |   |   |   |   |   |   |   |
+---+---+---+---+---+---+---+---+---+
| 9 |   | 6 |   |   |   | 8 |   | 5 |
+---+---+---+---+---+---+---+---+---+
|   |   |   |   |   |   |   | 3 | 9 |
+---+---+---+---+---+---+---+---+---+
|   | 3 | 4 |   | 2 |   | 9 | 8 |   |
+---+---+---+---+---+---+---+---+---+
| 5 |   | 8 | 4 |   |   | 3 |   |   |
+---+---+---+---+---+---+---+---+---+
|   |   |   | 7 | 8 |   |   | 5 |   |
+---+---+---+---+---+---+---+---+---+

Id: 00d47ed19b75
Difficulty: 1.2
