+---+---+---+---+---+---+---+---+---+
|   |   | 4 | 6 |   | 3 | 8 | 5 |   |
+---+---+---+---+---+---+---+---+---+
| 5 |   | 3 |   | 8 |   |   |   |   |
+---+---+---+---+---+---+---+---+---+
| 8 |   |   |   |   |   |   | 9 | 1 |
+---+---+---+---+---+---+---+---+---+
| 4 |   |   | 3 | 2 | 6 |   |   | 9 |
+---+---+---+---+---+---+---+---+---+
|   | 3 |   | 1 |   | 9 |   | 2 |   |
+---+---+---+---+---+---+---+---+---+
| 9 |   |   | 8 | 5 | 7 |   |   | 4 |
+---+---+---+---+---+---+---+---+---+
| 3 | 7 |   |   |   |   |   |   | 5 |
+---+---+---+---+---+---+---+---+---+
|   |   |   |   | 3 |   | 9 |   | 8 |
+---+---+---+---+---+---+---+---+---+
|   | 8 | 5 | 9 |   | 2 | 7 |   |   |
+---+---+---+---+---+---+---+---+---+

Id: 675fa86b83bf
Difficulty: 1.2
