+---+---+---+---+---+---+---+---+---+
|   | 6 | 7 | 9 | 2 | 3 |   |   |   |
+---+---+---+---+---+---+---+---+---+
|   |   |   | 8 |   |   |   |   | 4 |
+---+---+---+---+---+---+---+---+---+
|   |   | 2 |   |   | 1 | 9 |   | 7 |
+---+---+---+---+---+---+---+---+---+
| 1 |   | 8 | 2 |   | 4 |   | 5 | 9 |
+---+---+---+---+---+---+---+---+---+
| 6 |   |   |   | 5 |   |   |   | 2 |
+---+---+---+---+---+---+---+---+---+
| 2 | 4 |   | 1 |   | 6 | 3 |   | 8 |
+---+---+---+---+---+---+---+---+---+
| 5 |   | 4 | 3 |   |   | 7 |   |   |
+---+---+---+---+---+---+---+---+---+
| 3 |   |   |   |   | 7 |   |   |   |
+---+---+---+---+---+---+---+---+---+
|   |   |   | 5 | 1 | 2 | 4 | 8 |   |
+---+---+---+---+---+---+---+---+---+

Id: 1d96e22947d7
Difficulty: 1.2
