+---+---+---+---+---+---+---+---+---+
| 3 | 2 |   |   |   | 1 |   | 9 | 8 |
+---+---+---+---+---+---+---+---+---+
| 6 |   |   |   |   | 2 |   |   | 5 |
+---+---+---+---+---+---+---+---+---+
|   |   | 5 |   |   | 8 | 4 |   |   |
+---+---+---+---+---+---+---+---+---+
| 9 | 7 | 3 | 8 |   | 4 |   |   |   |
+---+---+---+---+---+---+---+---+---+
|   |   |   |   | 1 |   |   |   |   |
+---+---+---+---+---+---+---+---+---+
|   |   |   | 2 |   | 3 | 7 | 4 | 9 |
+---+---+---+---+---+---+---+---+---+
|   |   | 9 | 4 |   |   | 5 |   |   |
+---+---+---+---+---+---+---+---+---+
| 7 |   |   | 1 |   |   |   |   | 4 |
+---+---+---+---+---+---+---+---+---+
| 2 | 5 |   | 9 |   |   |   | 6 | 1 |
+---+---+---+---+---+---+---+---+---+

Id: 38b954fe8b84
Difficulty: 1.2
