+---+---+---+---+---+---+---+---+---+
| 4 |   | 1 |   | 2 |   |   |   | 3 |
+---+---+---+---+---+---+---+---+---+
|   |   | 3 |   |   | 6 | 4 |   |   |
+---+---+---+---+---+---+---+---+---+
|   | 7 |   |   | 9 | 3 |   | 8 | 2 |
+---+---+---+---+---+---+---+---+---+
|   | 9 | 5 |   |   |   |   |   |   |
+---+---+---+---+---+---+---+---+---+
| 3 |   | 2 |   |   |   | 5 |   | 4 |
+---+---+---+---+---+---+---+---+---+
|   |   |   |   |   |   | 3 | 2 |   |
+---+---+---+---+---+---+---+---+---+
| 6 | 1 |   | 3 | 4 |   |   | 5 |   |
+---+---+---+---+---+---+---+---+---+
|   |   | 8 | 7 |   |   | 6 |   |   |
+---+---+---+---+---+---+---+---+---+
| 7 |   |   |   | 6 |   | 2 |   | 1 |
+---+---+---+---+---+---+---+---+---+

Id: 75ec4626e007
Difficulty: 1.2
