+---+---+---+---+---+---+---+---+---+
|   |   |   | 3 |   | 8 |   | 6 |   |
+---+---+---+---+---+---+---+---+---+
| 5 |   |   | 4 | 7 | 2 | 9 |   |   |
+---+---+---+---+---+---+---+---+---+
|   | 7 |   |   |   |   |   |   |   |
+---+---+---+---+---+---+---+---+---+
| 8 | 6 |   |   | 3 |   |   | 5 | 9 |
+---+---+---+---+---+---+---+---+---+
|   | 5 |   | 2 |   | 6 |   | 1 |   |
+---+---+---+---+---+---+---+---+---+
| 1 | 3 |   |   | 8 |   |   | 7 | 4 |
+---+---+---+---+---+---+---+---+---+
|   |   |   |   |   |   |   | 2 |   |
+---+---+---+---+---+---+---+---+---+
|   |   | 3 | 1 | 6 | 4 |   |   | 5 |
+---+---+---+---+---+---+---+---+---+
|   | 8 |   | 9 |   | 7 |   |   |   |
+---+---+---+---+---+---+---+---+---+

Id: e0ede7cd3db1
Difficulty: 1.2
