+---+---+---+---+---+---+---+---+---+
|   | 5 |   |   |   | 3 |   |   |   |
+---+---+---+---+---+---+---+---+---+
| 2 |   |   |   | 5 |   |   | 7 |   |
+---+---+---+---+---+---+---+---+---+
|   | 1 | 3 | 7 |   |   | 5 | 6 |   |
+---+---+---+---+---+---+---+---+---+
| 3 |   | 9 |   |   | 7 |   |   |   |
+---+---+---+---+---+---+---+---+---+
|   |   | 7 | 2 | 1 | 8 | 9 |   |   |
+---+---+---+---+---+---+---+---+---+
|   |   |   | 6 |   |   | 2 |   | 7 |
+---+---+---+---+---+---+---+---+---+
|   | 7 | 1 |   |   | 2 | 6 | 8 |   |
+---+---+---+---+---+---+---+---+---+
|   | 4 |   |   | 8 |   |   |   | 1 |
+---+---+---+---+---+---+---+---+---+
|   |   |   | 1 |   |   |   | 5 |   |
+---+---+---+---+---+---+---+---+---+

Id: e402cd31f0a1
Difficulty: 1.2
