+---+---+---+---+---+---+---+---+---+
| 3 |   | 8 |   |   |   |   |   | 2 |
+---+---+---+---+---+---+---+---+---+
|   | 6 | 7 | 2 | 8 |   |   | 4 |   |
+---+---+---+---+---+---+---+---+---+
|   |   |   | 4 | 6 |   |   | 7 | 5 |
+---+---+---+---+---+---+---+---+---+
|   |   |   | 5 |   | 8 | 6 | 9 |   |
+---+---+---+---+---+---+---+---+---+
|   | 8 | 6 |   | 4 |   | 3 | 5 |   |
+---+---+---+---+---+---+---+---+---+
|   | 9 | 5 | 6 |   | 7 |   |   |   |
+---+---+---+---+---+---+---+---+---+
| 4 | 2 |   |   | 5 | 1 |   |   |   |
+---+---+---+---+---+---+---+---+---+
|   | 5 |   |   | 9 | 6 | 2 | 3 |   |
+---+---+---+---+---+---+---+---+---+
| 6 |   |   |   |   |   | 5 |   | 9 |
+---+---+---+---+---+---+---+---+---+

Id: 32330bb82518
Difficulty: 1.2
