+---+---+---+---+---+---+---+---+---+
| 7 |   |   |   | 2 |   |   | 8 | 3 |
+---+---+---+---+---+---+---+---+---+
| 6 |   |   |   |   | 7 | 1 |   |   |
+---+---+---+---+---+---+---+---+---+
|   | 2 |   | 9 | 1 |   |   |   |   |
+---+---+---+---+---+---+---+---+---+
|   | 1 |   | 2 |   | 6 | 3 |   |   |
+---+---+---+---+---+---+---+---+---+
| 2 |   | 7 |   |   |   | 4 |   | 6 |
+---+---+---+---+---+---+---+---+---+
|   |   | 6 | 4 |   | 1 |   | 9 |   |
+---+---+---+---+---+---+---+---+---+
|   |   |   |   | 4 | 9 |   | 7 |   |
+---+---+---+---+---+---+---+---+---+
|   |   | 9 | 1 |   |   |   |   | 2 |
+---+---+---+---+---+---+---+---+---+
| 1 | 6 |   |   | 3 |   |   |   | 5 |
+---+---+---+---+---+---+---+---+---+

Id: 378457328b40
Difficulty: 1.2
