+---+---+---+---+---+---+---+---+---+
| 9 |   |   |   | 2 |   |   |   | 6 |
+---+---+---+---+---+---+---+---+---+
|   | 2 |   | 7 |   |   | 1 | 8 |   |
+---+---+---+---+---+---+---+---+---+
|   | 7 | 5 | 8 |   |   | 4 |   |   |
+---+---+---+---+---+---+---+---+---+
|   |   |   |   | 3 |   | 5 | 7 |   |
+---+---+---+---+---+---+---+---+---+
| 7 |   |   | 6 |   | 5 |   |   | 8 |
+---+---+---+---+---+---+---+---+---+
|   | 3 | 9 |   | 7 |   |   |   |   |
+---+---+---+---+---+---+---+---+---+
|   |   | 7 |   |   | 2 | 6 | 1 |   |
+---+---+---+---+---+---+---+---+---+
|   | 4 | 6 |   |   | 7 |   | 5 |   |
+---+---+---+---+---+---+---+---+---+
| 2 |   |   |   | 8 |   |   |   | 7 |
+---+---+---+---+---+---+---+---+---+

Id: 5fb833a52aa9
Difficulty: 1.2
