+---+---+---+---+---+---+---+---+---+
| 6 | 3 | 2 |   |   | 5 |   |   | 9 |
+---+---+---+---+---+---+---+---+---+
|   |   |   |   |   | 6 | 4 |   | 5 |
+---+---+---+---+---+---+---+---+---+
|   | 9 |   |   | 7 |   |   |   | 6 |
+---+---+---+---+---+---+---+---+---+
| 9 | 2 |   |   | 4 |   |   |   |   |
+---+---+---+---+---+---+---+---+---+
|   |   | 4 | 6 |   | 7 | 3 |   |   |
+---+---+---+---+---+---+---+---+---+
|   |   |   |   | 9 |   |   | 4 | 7 |
+---+---+---+---+---+---+---+---+---+
| 8 |   |   |   | 6 |   |   | 5 |   |
+---+---+---+---+---+---+---+---+---+
| 2 |   | 9 | 7 |   |   |   |   |   |
+---+---+---+---+---+---+---+---+---+
| 5 |   |   | 2 |   |   | 7 | 1 | 3 |
+---+---+---+---+---+---+---+---+---+

Id: 2cc692cfd146
Difficulty: 1.2
