+---+---+---+---+---+---+---+---+---+
| 9 |   | 8 |   | 6 |   | 4 |   | 3 |
+---+---+---+---+---+---+---+---+---+
|   |   |   | 8 |   |   | 7 |   |   |
+---+---+---+---+---+---+---+---+---+
| 5 | 1 |   |   | 4 |   |   |   | 8 |
+---+---+---+---+---+---+---+---+---+
|   |   |   | 9 | 8 | 2 |   | 3 |   |
+---+---+---+---+---+---+---+---+---+
| 7 |   | 2 | 4 |   | 1 | 9 |   | 6 |
+---+---+---+---+---+---+---+---+---+
|   | 3 |   | 6 | 5 | 7 |   |   |   |
+---+---+---+---+---+---+---+---+---+
| 2 |   |   |   | 9 |   |   | 7 | 1 |
+---+---+---+---+---+---+---+---+---+
|   |   | 5 |   |   | 8 |   |   |   |
+---+---+---+---+---+---+---+---+---+
| 6 |   | 1 |   | 2 |   | 8 |   | 9 |
+---+---+---+---+---+---+---+---+---+

Id: b6621a9da642
Difficulty: 1.2
