+---+---+---+---+---+---+---+---+---+
| 2 |   |   | 6 |   | 4 | 1 |   | 8 |
+---+---+---+---+---+---+---+---+---+
|   |   | 8 |   |   |   |   |   |   |
+---+---+---+---+---+---+---+---+---+
| 6 |   | 1 |   |   |   | 5 | 7 |   |
+---+---+---+---+---+---+---+---+---+
| 9 |   |   | 3 | 4 | 7 |   |   | 2 |
+---+---+---+---+---+---+---+---+---+
|   |   |   | 2 |   | 1 |   |   |   |
+---+---+---+---+---+---+---+---+---+
| 7 |   |   | 9 | 5 | 8 |   |   | 1 |
+---+---+---+---+---+---+---+---+---+
|   | 8 | 2 |   |   |   | 3 |   | 5 |
+---+---+---+---+---+---+---+---+---+
|   |   |   |   |   |   | 8 |   |   |
+---+---+---+---+---+---+---+---+---+
| 1 |   | 3 | 5 |   | 2 |   |   | 4 |
+---+---+---+---+---+---+---+---+---+

Id: 9ab76d851432
Difficulty: 1.2
