+---+---+---+---+---+---+---+---+---+
| 1 |   |   | 2 |   | 4 |   | 5 | 3 |
+---+---+---+---+---+---+---+---+---+
| 5 |   |   | 7 | 1 |   | 6 |   |   |
+---+---+---+---+---+---+---+---+---+
|   | 2 |   | 9 | 3 |   |   |   |   |
+---+---+---+---+---+---+---+---+---+
| 7 |   |   |   | 4 |   | 5 | 6 | 2 |
+---+---+---+---+---+---+---+---+---+
|   | 5 | 3 | 6 |   | 7 | 4 | 1 |   |
+---+---+---+---+---+---+---+---+---+
| 4 | 6 | 1 |   | 5 |   |   |   | 7 |
+---+---+---+---+---+---+---+---+---+
|   |   |   |   | 7 | 9 |   | 3 |   |
+---+---+---+---+---+---+---+---+---+
|   |   | 7 |   | 2 | 6 |   |   | 5 |
+---+---+---+---+---+---+---+---+---+
| 9 | 1 |   | 4 |   | 3 |   |   | 6 |
+---+---+---+---+---+---+---+---+---+

Id: 47139a756f09
Difficulty: 1.2
