+---+---+---+---+---+---+---+---+---+
|   | 1 | 9 |   | 6 | 3 | 5 |   |   |
+---+---+---+---+---+---+---+---+---+
|   |   |   |   | 9 | 4 |   |   | 1 |
+---+---+---+---+---+---+---+---+---+
| 4 |   |   |   |   |   |   |   | 2 |
+---+---+---+---+---+---+---+---+---+
| 5 | 3 |   | 1 | 4 | 7 |   |   |   |
+---+---+---+---+---+---+---+---+---+
| 2 | 9 |   | 6 |   | 5 |   | 3 | 7 |
+---+---+---+---+---+---+---+---+---+
|   |   |   | 3 | 2 | 9 |   | 5 | 8 |
+---+---+---+---+---+---+---+---+---+
| 3 |   |   |   |   |   |   |   | 5 |
+---+---+---+---+---+---+---+---+---+
| 8 |   |   | 4 | 3 |   |   |   |   |
+---+---+---+---+---+---+---+---+---+
|   |   | 6 | 5 | 7 |   | 8 | 1 |   |
+---+---+---+---+---+---+---+---+---+

Id: f53e72c45e68
Difficulty: 1.2
