+---+---+---+---+---+---+---+---+---+
|   | 5 |   |   |   |   | 1 | 7 | 6 |
+---+---+---+---+---+---+---+---+---+
|   | 8 |   |   | 1 |   |   |   |   |
+---+---+---+---+---+---+---+---+---+
| 3 |   | 1 |   |   |   |   |   |   |
+---+---+---+---+---+---+---+---+---+
| 7 | 4 | 3 | 6 | 9 |   |   |   | 1 |
+---+---+---+---+---+---+---+---+---+
|   |   |   | 1 |   | 4 |   |   |   |
+---+---+---+---+---+---+---+---+---+
| 1 |   |   |   | 7 | 2 | 3 | 4 | 8 |
+---+---+---+---+---+---+---+---+---+
|   |   |   |   |   |   | 7 |   | 2 |
+---+---+---+---+---+---+---+---+---+
|   |   |   |   | 6 |   |   | 3 |   |
+---+---+---+---+---+---+---+---+---+
| 2 | 3 | 9 |   |   |   |   | 8 |   |
+---+---+---+---+---+---+---+---+---+

Id: a7b7a3606e97
Difficulty: 1.2
