+---+---+---+---+---+---+---+---+---+
|   |   |   | 7 | 5 | 4 |   |   |   |
+---+---+---+---+---+---+---+---+---+
| 6 |   |   | 8 |   | 3 |   |   | 5 |
+---+---+---+---+---+---+---+---+---+
|   | 4 |   | 1 |   | 6 |   | 2 |   |
+---+---+---+---+---+---+---+---+---+
|   | 8 |   |   |   |   |   | 3 |   |
+---+---+---+---+---+---+---+---+---+
|   |   | 6 |   |   |   | 1 |   |   |
+---+---+---+---+---+---+---+---+---+
|   | 5 | 4 |   | 1 |   | 6 | 8 |   |
+---+---+---+---+---+---+---+---+---+
|   | 6 | 1 | 5 |   | 8 | 3 | 9 |   |
+---+---+---+---+---+---+---+---+---+
|   |   |   |   |   |   |   |   |   |
+---+---+---+---+---+---+---+---+---+
| 3 |   | 8 |   | 6 |   | 2 |   | 1 |
+---+---+---+---+---+---+---+---+---+

Id: 02a58963419e
Difficulty: 1.2
