+---+---+---+---+---+---+---+---+---+
| 7 |   | 1 | 4 |   |   |   |   | 2 |
+---+---+---+---+---+---+---+---+---+
|   | 5 |   |   | 7 |   | 3 | 1 |   |
+---+---+---+---+---+---+---+---+---+
|   | 2 |   |   | 5 |   |   |   | 6 |
+---+---+---+---+---+---+---+---+---+
|   |   |   |   | 4 |   |   |   | 5 |
+---+---+---+---+---+---+---+---+---+
|   | 8 | 4 | 7 |   | 5 | 1 | 3 |   |
+---+---+---+---+---+---+---+---+---+
| 3 |   |   |   | 1 |   |   |   |   |
+---+---+---+---+---+---+---+---+---+
| 8 |   |   |   | 9 |   |   | 6 |   |
+---+---+---+---+---+---+---+---+---+
|   | 3 | 9 |   | 8 |   |   | 7 |   |
+---+---+---+---+---+---+---+---+---+
| 6 |   |   |   |   | 3 | 5 |   | 8 |
+---+---+---+---+---+---+---+---+---+

Id: 6611829f268f
Difficulty: 1.2
