+---+---+---+---+---+---+---+---+---+
| 9 |   |   | 6 |   | 3 | 4 |   | 1 |
+---+---+---+---+---+---+---+---+---+
| 7 |   |   | 1 |   |   | 3 |   |   |
+---+---+---+---+---+---+---+---+---+
| 1 |   |   |   | 4 |   |   |   |   |
+---+---+---+---+---+---+---+---+---+
| 6 |   | 8 | 9 |   |   |   |   |   |
+---+---+---+---+---+---+---+---+---+
| 4 |   |   | 5 |   | 2 |   |   | 3 |
+---+---+---+---+---+---+---+---+---+
|   |   |   |   |   | 7 | 1 |   | 6 |
+---+---+---+---+---+---+---+---+---+
|   |   |   |   | 8 |   |   |   | 7 |
+---+---+---+---+---+---+---+---+---+
|   |   | 4 |   |   | 6 |   |   | 5 |
+---+---+---+---+---+---+---+---+---+
| 8 |   | 1 | 2 |   | 9 |   |   | 4 |
+---+---+---+---+---+---+---+---+---+

Id: 60eee929b89d
Difficulty: 1.2
