+---+---+---+---+---+---+---+---+---+
|   |   |   |   |   | 9 | 2 |   |   |
+---+---+---+---+---+---+---+---+---+
|   |   |   | 2 | 7 | 5 | 8 |   |   |
+---+---+---+---+---+---+---+---+---+
| 4 | 2 |   | 8 |   | 1 |   |   |   |
+---+---+---+---+---+---+---+---+---+
| 6 | 9 | 4 |   |   |   | 5 | 7 |   |
+---+---+---+---+---+---+---+---+---+
|   | 1 |   |   |   |   |   | 8 |   |
+---+---+---+---+---+---+---+---+---+
|   | 7 | 5 |   |   |   | 1 | 6 | 3 |
+---+---+---+---+---+---+---+---+---+
|   |   |   | 6 |   | 8 |   | 9 | 4 |
+---+---+---+---+---+---+---+---+---+
|   |   | 6 | 5 | 2 | 7 |   |   |   |
+---+---+---+---+---+---+---+---+---+
|   |   | 1 | 3 |   |   |   |   |   |
+---+---+---+---+---+---+---+---+---+

Id: 0677acac0f3e
Difficulty: 1.2
