+---+---+---+---+---+---+---+---+---+
| 4 |   |   |   |   |   |   |   | 7 |
+---+---+---+---+---+---+---+---+---+
| 6 | 2 |   |   |   |   |   | 3 | 5 |
+---+---+---+---+---+---+---+---+---+
| 3 | 5 |   | 9 |   | 1 |   | 2 | 4 |
+---+---+---+---+---+---+---+---+---+
|   | 6 | 4 |   |   |   | 5 | 1 |   |
+---+---+---+---+---+---+---+---+---+
|   |   |   | 5 |   | 6 |   |   |   |
+---+---+---+---+---+---+---+---+---+
|   |   |   | 4 |   | 8 |   |   |   |
+---+---+---+---+---+---+---+---+---+
|   | 8 | 3 |   |   |   | 9 | 5 |   |
+---+---+---+---+---+---+---+---+---+
|   |   |   | 8 | 5 | 7 |   |   |   |
+---+---+---+---+---+---+---+---+---+
|   |   | 1 |   | 9 |   | 7 |   |   |
+---+---+---+---+---+---+---+---+---+

Id: 582106a6145a
Difficulty: 1.2
