+---+---+---+---+---+---+---+---+---+
|   | 4 |   | 8 |   | 2 | 6 |   |   |
+---+---+---+---+---+---+---+---+---+
|   |   | 8 |   | 4 | 5 |   |   | 2 |
+---+---+---+---+---+---+---+---+---+
| 1 |   |   |   | 7 |   |   | 3 |   |
+---+---+---+---+---+---+---+---+---+
| 4 | 8 |   |   |   |   |   |   | 3 |
+---+---+---+---+---+---+---+---+---+
|   | 2 | 3 |   |   |   | 8 | 7 |   |
+---+---+---+---+---+---+---+---+---+
| 9 |   |   |   |   |   |   | 4 | 6 |
+---+---+---+---+---+---+---+---+---+
|   | 7 |   |   | 8 |   |   |   | 9 |
+---+---+---+---+---+---+---+---+---+
| 8 |   |   | 6 | 9 |   | 5 |   |   |
+---+---+---+---+---+---+---+---+---+
|   |   | 5 | 2 |   | 7 |   | 8 |   |
+---+---+---+---+---+---+---+---+---+

Id: 256a3544fa61
Difficulty: 1.2
