+---+---+---+---+---+---+---+---+---+
|   | 7 |   |   |   |   |   | 4 |   |
+---+---+---+---+---+---+---+---+---+
| 6 |   | 5 |   |   |   | 8 |   | 2 |
+---+---+---+---+---+---+---+---+---+
|   | 3 | 9 | 6 |   | 2 | 5 | 7 |   |
+---+---+---+---+---+---+---+---+---+
|   |   | 7 |   |   |   | 2 |   |   |
+---+---+---+---+---+---+---+---+---+
| 8 |   | 1 | 3 |   | 7 | 6 |   | 4 |
+---+---+---+---+---+---+---+---+---+
|   |   |   |   | 4 |   |   |   |   |
+---+---+---+---+---+---+---+---+---+
| 1 |   | 4 |   | 7 |   | 3 |   | 8 |
+---+---+---+---+---+---+---+---+---+
|   |   |   |   |   |   |   |   |   |
+---+---+---+---+---+---+---+---+---+
|   | 5 | 6 |   | 2 |   | 4 | 1 |   |
+---+---+---+---+---+---+---+---+---+

Id: c2adc769c4f0
Difficulty: 1.2
