+---+---+---+---+---+---+---+---+---+
| 6 |   | 4 |   |   |   | 5 | 7 | 2 |
+---+---+---+---+---+---+---+---+---+
| 2 |   | 5 | 6 | 4 |   |   |   |   |
+---+---+---+---+---+---+---+---+---+
| 1 |   |   |   | 2 | 8 |   | 6 | 4 |
+---+---+---+---+---+---+---+---+---+
|   |   | 8 |   | 6 |   |   | 2 |   |
+---+---+---+---+---+---+---+---+---+
|   | 4 | 1 | 8 |   | 2 | 7 | 3 |   |
+---+---+---+---+---+---+---+---+---+
|   | 2 |   |   | 5 |   | 8 |   |   |
+---+---+---+---+---+---+---+---+---+
| 8 | 6 |   | 2 | 1 |   |   |   | 3 |
+---+---+---+---+---+---+---+---+---+
|   |   |   |   | 8 | 9 | 6 |   | 7 |
+---+---+---+---+---+---+---+---+---+
| 3 | 1 | 9 |   |   |   | 2 |   | 8 |
+---+---+---+---+---+---+---+---+---+

Id: ccb7d4735eaf
Difficulty: 1.2
