+---+---+---+---+---+---+---+---+---+
| 6 |   |   | 4 |   |   | 8 | 2 | 3 |
+---+---+---+---+---+---+---+---+---+
| 8 |   |   | 1 |   | 2 |   |   |   |
+---+---+---+---+---+---+---+---+---+
| 4 |   | 2 |   |   | 3 | 9 |   |   |
+---+---+---+---+---+---+---+---+---+
|   | 3 | 9 |   |   |   |   | 8 | 7 |
+---+---+---+---+---+---+---+---+---+
|   |   |   |   |   |   |   |   |   |
+---+---+---+---+---+---+---+---+---+
| 2 | 5 |   |   |   |   | 6 | 3 |   |
+---+---+---+---+---+---+---+---+---+
|   |   | 6 | 5 |   |   | 7 |   | 8 |
+---+---+---+---+---+---+---+---+---+
|   |   |   | 3 |   | 6 |   |   | 5 |
+---+---+---+---+---+---+---+---+---+
| 5 | 2 | 1 |   |   | 9 |   |   | 4 |
+---+---+---+---+---+---+---+---+---+

Id: 1134b8de2d80
Difficulty: 1.2
