+---+---+---+---+---+---+---+---+---+
| 1 |   | 4 |   | 8 |   |   |   | 7 |
+---+---+---+---+---+---+---+---+---+
|   | 5 |   |   |   | 7 |   | 8 |   |
+---+---+---+---+---+---+---+---+---+
|   |   | 9 |   |   | 6 | 4 |   | 3 |
+---+---+---+---+---+---+---+---+---+
|   | 7 | 5 | 1 |   | 8 |   |   |   |
+---+---+---+---+---+---+---+---+---+
| 6 |   |   |   | 2 |   |   |   | 9 |
+---+---+---+---+---+---+---+---+---+
|   |   |   | 3 |   | 4 | 8 | 7 |   |
+---+---+---+---+---+---+---+---+---+
| 4 |   | 1 | 8 |   |   | 7 |   |   |
+---+---+---+---+---+---+---+---+---+
|   | 9 |   | 4 |   |   |   | 3 |   |
+---+---+---+---+---+---+---+---+---+
| 5 |   |   |   | 3 |   | 9 |   | 8 |
+---+---+---+---+---+---+---+---+---+

Id: ea2ea188f199
Difficulty: 1.2
