+---+---+---+---+---+---+---+---+---+
| 1 |   | 8 |   |   | 6 |   | 3 | 9 |
+---+---+---+---+---+---+---+---+---+
| 5 |   |   | 9 | 1 |   |   |   |   |
+---+---+---+---+---+---+---+---+---+
|   |   |   |   | 3 | 8 |   |   | 6 |
+---+---+---+---+---+---+---+---+---+
| 8 |   | 1 |   |   |   |   | 2 |   |
+---+---+---+---+---+---+---+---+---+
|   | 4 | 2 |   |   |   | 7 | 8 |   |
+---+---+---+---+---+---+---+---+---+
|   | 5 |   |   |   |   | 9 |   | 3 |
+---+---+---+---+---+---+---+---+---+
| 6 |   |   | 3 | 8 |   |   |   |   |
+---+---+---+---+---+---+---+---+---+
|   |   |   |   | 6 | 9 |   |   | 7 |
+---+---+---+---+---+---+---+---+---+
| 2 | 3 |   | 1 |   |   | 8 |   | 4 |
+---+---+---+---+---+---+---+---+---+

Id: 8f12db04cce6
Difficulty: 1.2
