+---+---+---+---+---+---+---+---+---+
| 4 | 9 |   |   | 2 |   |   |   |   |
+---+---+---+---+---+---+---+---+---+
|   | 3 | 6 |   |   |   |   |   |   |
+---+---+---+---+---+---+---+---+---+
| 2 |   | 1 |   | 5 |   | 3 | 6 |   |
+---+---+---+---+---+---+---+---+---+
| 5 | 6 |   | 8 |   |   | 4 |   |   |
+---+---+---+---+---+---+---+---+---+
| 8 |   |   |   |   |   |   |   | 7 |
+---+---+---+---+---+---+---+---+---+
|   |   | 4 |   |   | 5 |   | 1 | 8 |
+---+---+---+---+---+---+---+---+---+
|   | 2 | 9 |   | 1 |   | 8 |   | 3 |
+---+---+---+---+---+---+---+---+---+
|   |   |   |   |   |   | 2 | 5 |   |
+---+---+---+---+---+---+---+---+---+
|   |   |   |   | 8 |   |   | 4 | 9 |
+---+---+---+---+---+---+---+---+---+

Id: 7f0e4334c15d
Difficulty: 1.2
