+---+---+---+---+---+---+---+---+---+
|   |   |   | 3 |   |   | 7 | 9 |   |
+---+---+---+---+---+---+---+---+---+
| 9 | 3 | 5 |   | 6 |   |   | 2 |   |
+---+---+---+---+---+---+---+---+---+
| 8 |   |   | 9 |   |   |   | 5 |   |
+---+---+---+---+---+---+---+---+---+
|   |   |   |   | 4 |   | 6 |   | 3 |
+---+---+---+---+---+---+---+---+---+
|   | 9 |   | 2 |   | 8 |   | 1 |   |
+---+---+---+---+---+---+---+---+---+
| 3 |   | 4 |   | 7 |   |   |   |   |
+---+---+---+---+---+---+---+---+---+
|   | 2 |   |   |   | 1 |   |   | 7 |
+---+---+---+---+---+---+---+---+---+
|   | 4 |   |   | 5 |   | 2 | 3 | 9 |
+---+---+---+---+---+---+---+---+---+
|   | 6 | 9 |   |   | 3 |   |   |   |
+---+---+---+---+---+---+---+---+---+

Id: 77398cbc44d4
Difficulty: 1.2
