+---+---+---+---+---+---+---+---+---+
|   | 7 |   | 2 |   | 4 |   | 5 |   |
+---+---+---+---+---+---+---+---+---+
| 2 |   |   |   | 3 | 6 | 9 |   | 7 |
+---+---+---+---+---+---+---+---+---+
|   | 3 |   |   |   |   |   |   |   |
+---+---+---+---+---+---+---+---+---+
| 1 | 4 |   | 6 |   | 3 |   |   | 8 |
+---+---+---+---+---+---+---+---+---+
|   | 2 |   |   | 9 |   |   | 6 |   |
+---+---+---+---+---+---+---+---+---+
| 6 |   |   | 7 |   | 8 |   | 9 | 4 |
+---+---+---+---+---+---+---+---+---+
|   |   |   |   |   |   |   | 3 |   |
+---+---+---+---+---+---+---+---+---+
| 7 |   | 4 | 3 | 8 |   |   |   | 5 |
+---+---+---+---+---+---+---+---+---+
|   | 8 |   | 5 |   | 9 |   | 7 |   |
+---+---+---+---+---+---+---+---+---+

Id: 066c92525dbb
Difficulty: 1.2
