+---+---+---+---+---+---+---+---+---+
| 1 |   |   | 8 |   |   | 2 | 7 | 3 |
+---+---+---+---+---+---+---+---+---+
| 7 |   |   | 2 |   |   | 5 |   |   |
+---+---+---+---+---+---+---+---+---+
| 5 | 6 |   |   | 9 | 3 |   |   |   |
+---+---+---+---+---+---+---+---+---+
|   |   | 5 |   |   |   |   | 3 | 2 |
+---+---+---+---+---+---+---+---+---+
|   |   | 9 |   | 1 |   | 7 |   |   |
+---+---+---+---+---+---+---+---+---+
| 3 | 8 |   |   |   |   | 6 |   |   |
+---+---+---+---+---+---+---+---+---+
|   |   |   | 9 | 5 |   |   | 2 | 6 |
+---+---+---+---+---+---+---+---+---+
|   |   | 6 |   |   | 8 |   |   | 7 |
+---+---+---+---+---+---+---+---+---+
| 9 | 4 | 3 |   |   | 7 |   |   | 1 |
+---+---+---+---+---+---+---+---+---+

Id: 6c55e2bedd02
Difficulty: 1.2
