+---+---+---+---+---+---+---+---+---+
|   | 9 | 2 | 5 |   |   | 6 | 7 |   |
+---+---+---+---+---+---+---+---+---+
| 4 |   |   |   | 7 |   |   |   | 3 |
+---+---+---+---+---+---+---+---+---+
| 8 |   |   |   | 6 | 2 |   |   | 9 |
+---+---+---+---+---+---+---+---+---+
|   |   | 6 |   |   |   |   |   | 7 |
+---+---+---+---+---+---+---+---+---+
|   | 4 | 3 |   | 1 |   | 8 | 6 |   |
+---+---+---+---+---+---+---+---+---+
| 7 |   |   |   |   |   | 2 |   |   |
+---+---+---+---+---+---+---+---+---+
| 6 |   |   | 1 | 8 |   |   |   | 2 |
+---+---+---+---+---+---+---+---+---+
| 1 |   |   |   | 9 |   |   |   | 4 |
+---+---+---+---+---+---+---+---+---+
|   | 3 | 7 |   |   | 5 | 1 | 8 |   |
+---+---+---+---+---+---+---+---+---+

Id: ab8f14447c93
Difficulty: 1.2
