+---+---+---+---+---+---+---+---+---+
|   | 6 |   | 7 |   | 4 |   | 5 |   |
+---+---+---+---+---+---+---+---+---+
| 3 |   | 2 |   | 8 |   |   |   | 6 |
+---+---+---+---+---+---+---+---+---+
|   |   | 7 | 6 | 2 |   | 3 | 8 |   |
+---+---+---+---+---+---+---+---+---+
| 6 |   |   |   |   |   | 9 |   | 8 |
+---+---+---+---+---+---+---+---+---+
|   | 8 | 9 |   |   |   | 6 | 2 |   |
+---+---+---+---+---+---+---+---+---+
| 2 |   | 3 |   |   |   |   |   | 5 |
+---+---+---+---+---+---+---+---+---+
|   | 7 | 8 |   | 5 | 9 | 4 |   |   |
+---+---+---+---+---+---+---+---+---+
| 9 |   |   |   | 6 |   | 5 |   | 7 |
+---+---+---+---+---+---+---+---+---+
|   | 3 |   | 1 |   | 7 |   | 9 |   |
+---+---+---+---+---+---+---+---+---+

Id: fd66ede8f092
Difficulty: 1.2
