+---+---+---+---+---+---+---+---+---+
| 1 | 2 |   | 4 | 6 | 3 |   |   | 8 |
+---+---+---+---+---+---+---+---+---+
|   | 5 |   |   | 2 | 7 |   | 3 | 6 |
+---+---+---+---+---+---+---+---+---+
|   |   | 6 |   |   |   | 2 |   |   |
+---+---+---+---+---+---+---+---+---+
| 6 | 1 |   |   |   |   |   |   | 9 |
+---+---+---+---+---+---+---+---+---+
| 2 | 3 |   |   | 5 |   |   | 8 | 1 |
+---+---+---+---+---+---+---+---+---+
| 7 |   |   |   |   |   |   | 6 | 2 |
+---+---+---+---+---+---+---+---+---+
|   |   | 1 |   |   |   | 7 |   |   |
+---+---+---+---+---+---+---+---+---+
| 5 | 7 |   | 2 | 1 |   |   | 9 |   |
+---+---+---+---+---+---+---+---+---+
| 4 |   |   | 9 | 7 | 5 |   | 1 | 3 |
+---+---+---+---+---+---+---+---+---+

Id: c713e4451b27
Difficulty: 1.2
