+---+---+---+---+---+---+---+---+---+
| 8 | 4 |   |   |   | 1 |   |   | 9 |
+---+---+---+---+---+---+---+---+---+
|   | 9 | 1 |   |   |   | 4 | 3 | 2 |
+---+---+---+---+---+---+---+---+---+
|   | 5 |   | 2 |   |   |   | 1 |   |
+---+---+---+---+---+---+---+---+---+
| 9 |   |   |   | 1 |   | 2 |   |   |
+---+---+---+---+---+---+---+---+---+
|   |   |   | 8 | 4 | 6 |   |   |   |
+---+---+---+---+---+---+---+---+---+
|   |   | 7 |   | 2 |   |   |   | 3 |
+---+---+---+---+---+---+---+---+---+
|   | 8 |   |   |   | 7 |   | 2 |   |
+---+---+---+---+---+---+---+---+---+
| 2 | 7 | 4 |   |   |   | 3 | 9 |   |
+---+---+---+---+---+---+---+---+---+
| 1 |   |   | 9 |   |   |   | 5 | 4 |
+---+---+---+---+---+---+---+---+---+

Id: df8ca3facb36
Difficulty: 1.2
