+---+---+---+---+---+---+---+---+---+
|   |   | 3 | 9 | 6 |   |   |   |   |
+---+---+---+---+---+---+---+---+---+
|   | 5 |   |   |   | 4 | 3 | 2 |   |
+---+---+---+---+---+---+---+---+---+
|   | 1 |   |   |   | 3 |   |   | 9 |
+---+---+---+---+---+---+---+---+---+
|   | 2 | 4 | 6 |   | 7 |   |   | 5 |
+---+---+---+---+---+---+---+---+---+
| 3 |   |   |   | 8 |   |   |   | 4 |
+---+---+---+---+---+---+---+---+---+
| 8 |   |   | 4 |   | 1 | 9 | 6 |   |
+---+---+---+---+---+---+---+---+---+
| 5 |   |   | 7 |   |   |   | 3 |   |
+---+---+---+---+---+---+---+---+---+
|   | 8 | 6 | 3 |   |   |   | 9 |   |
+---+---+---+---+---+---+---+---+---+
|   |   |   |   | 9 | 6 | 8 |   |   |
+---+---+---+---+---+---+---+---+---+

Id: c535d2e5573e
Difficulty: 1.2
