+---+---+---+---+---+---+---+---+---+
|   |   | 9 |   |   |   | 5 |   |   |
+---+---+---+---+---+---+---+---+---+
|   |   | 7 | 2 | 3 |   |   |   |   |
+---+---+---+---+---+---+---+---+---+
| 5 |   |   | 9 |   | 7 |   | 6 | 8 |
+---+---+---+---+---+---+---+---+---+
|   |   | 4 |   | 6 |   | 7 | 5 |   |
+---+---+---+---+---+---+---+---+---+
|   | 7 |   | 4 |   | 8 |   | 2 |   |
+---+---+---+---+---+---+---+---+---+
|   | 5 | 1 |   | 7 |   | 9 |   |   |
+---+---+---+---+---+---+---+---+---+
| 1 | 2 |   | 7 |   | 3 |   |   | 9 |
+---+---+---+---+---+---+---+---+---+
|   |   |   |   | 9 | 1 | 2 |   |   |
+---+---+---+---+---+---+---+---+---+
|   |   | 6 |   |   |   | 8 |   |   |
+---+---+---+---+---+---+---+---+---+

Id: e63c451bc06d
Difficulty: 1.2
