+---+---+---+---+---+---+---+---+---+
| 3 | 4 |   | 1 |   |   | 6 |   | 7 |
+---+---+---+---+---+---+---+---+---+
|   |   |   |   |   | 4 |   |   | 3 |
+---+---+---+---+---+---+---+---+---+
| 7 |   |   |   | 6 | 3 |   |   |   |
+---+---+---+---+---+---+---+---+---+
|   | 2 | 5 | 3 |   | 7 |   |   | 8 |
+---+---+---+---+---+---+---+---+---+
|   |   | 8 |   |   |   | 9 |   |   |
+---+---+---+---+---+---+---+---+---+
| 1 |   |   | 6 |   | 8 | 2 | 3 |   |
+---+---+---+---+---+---+---+---+---+
|   |   |   | 8 | 7 |   |   |   | 6 |
+---+---+---+---+---+---+---+---+---+
| 8 |   |   | 2 |   |   |   |   |   |
+---+---+---+---+---+---+---+---+---+
| 2 |   | 7 |   |   | 6 |   | 4 | 9 |
+---+---+---+---+---+---+---+---+---+

Id: 092cf7ff4c40
Difficulty: 1.2
