+---+---+---+---+---+---+---+---+---+
|   |   |   | 3 |   | 2 | 9 |   |   |
+---+---+---+---+---+---+---+---+---+
|   |   | 6 | 4 | 8 |   | 1 |   |   |
+---+---+---+---+---+---+---+---+---+
| 9 | 4 |   |   |   |   |   | 7 |   |
+---+---+---+---+---+---+---+---+---+
| 5 |   |   |   | 4 |   |   | 9 | 6 |
+---+---+---+---+---+---+---+---+---+
|   | 7 |   | 6 |   | 8 |   | 4 |   |
+---+---+---+---+---+---+---+---+---+
| 4 | 6 |   |   | 5 |   |   |   | 2 |
+---+---+---+---+---+---+---+---+---+
|   | 9 |   |   |   |   |   | 2 | 1 |
+---+---+---+---+---+---+---+---+---+
|   |   | 4 |   | 9 | 1 | 6 |   |   |
+---+---+---+---+---+---+---+---+---+
|   |   | 1 | 7 |   | 5 |   |   |   |
+---+---+---+---+---+---+---+---+---+

Id: 98e8444ff8fe
Difficulty: 1.2
