+---+---+---+---+---+---+---+---+---+
|   |   | 9 |   | 6 | 8 | 7 |   |   |
+---+---+---+---+---+---+---+---+---+
|   | 6 | 8 |   | 7 | 9 |   | 1 |   |
+---+---+---+---+---+---+---+---+---+
| 2 |   | 3 |   |   |   | 6 | 9 | 8 |
+---+---+---+---+---+---+---+---+---+
| 6 | 3 |   |   |   |   |   |   |   |
+---+---+---+---+---+---+---+---+---+
| 9 | 1 |   |   | 4 |   |   | 2 | 3 |
+---+---+---+---+---+---+---+---+---+
|   |   |   |   |   |   |   | 4 | 6 |
+---+---+---+---+---+---+---+---+---+
| 4 | 8 | 1 |   |   |   | 3 |   | 7 |
+---+---+---+---+---+---+---+---+---+
|   | 9 |   | 7 | 5 |   | 2 | 8 |   |
+---+---+---+---+---+---+---+---+---+
|   |   | 2 | 8 | 3 |   | 1 |   |   |
+---+---+---+---+---+---+---+---+---+

Id: f014fd236ab7
Difficulty: 1.2
