+---+---+---+---+---+---+---+---+---+
| 6 |   | 5 | 9 |   | 2 |   | 8 | 4 |
+---+---+---+---+---+---+---+---+---+
| 7 |   | 2 |   |   |   |   |   |   |
+---+---+---+---+---+---+---+---+---+
|   |   |   |   | 5 | 8 |   | 2 | 7 |
+---+---+---+---+---+---+---+---+---+
| 8 |   | 3 | 5 |   | 9 |   |   | 1 |
+---+---+---+---+---+---+---+---+---+
|   |   | 4 |   | 6 |   | 9 |   |   |
+---+---+---+---+---+---+---+---+---+
| 9 |   |   | 1 |   | 4 | 2 |   | 8 |
+---+---+---+---+---+---+---+---+---+
| 3 | 7 |   | 2 | 9 |   |   |   |   |
+---+---+---+---+---+---+---+---+---+
|   |   |   |   |   |   | 7 |   | 2 |
+---+---+---+---+---+---+---+---+---+
| 4 | 2 |   | 7 |   | 1 | 3 |   | 9 |
+---+---+---+---+---+---+---+---+---+

Id: cd7b9a24bda2
Difficulty: 1.2
