+---+---+---+---+---+---+---+---+---+
|   |   |   | 4 | 8 | 2 |   |   |   |
+---+---+---+---+---+---+---+---+---+
| 8 | 6 |   |   | 7 |   |   | 5 | 4 |
+---+---+---+---+---+---+---+---+---+
|   |   |   | 3 |   | 5 |   |   |   |
+---+---+---+---+---+---+---+---+---+
|   |   | 9 | 1 |   | 6 | 8 |   |   |
+---+---+---+---+---+---+---+---+---+
|   | 5 |   |   |   |   |   | 2 |   |
+---+---+---+---+---+---+---+---+---+
| 6 | 3 | 7 |   | 2 |   | 5 | 4 | 1 |
+---+---+---+---+---+---+---+---+---+
| 9 |   |   |   | 3 |   |   |   | 8 |
+---+---+---+---+---+---+---+---+---+
| 4 |   |   |   |   |   |   |   | 9 |
+---+---+---+---+---+---+---+---+---+
|   | 7 |   |   |   |   |   | 1 |   |
+---+---+---+---+---+---+---+---+---+

Id: 06f2341050cd
Difficulty: 1.2
