+---+---+---+---+---+---+---+---+---+
|   |   | 4 | 5 | 7 | 6 |   |   |   |
+---+---+---+---+---+---+---+---+---+
| 2 |   | 6 | 4 |   |   | 7 |   |   |
+---+---+---+---+---+---+---+---+---+
| 5 |   |   |   |   |   | 8 |   |   |
+---+---+---+---+---+---+---+---+---+
|   |   |   |   | 2 | 9 |   | 6 |   |
+---+---+---+---+---+---+---+---+---+
| 3 |   | 2 |   | 5 |   | 4 |   | 7 |
+---+---+---+---+---+---+---+---+---+
|   | 5 |   | 7 | 3 |   |   |   |   |
+---+---+---+---+---+---+---+---+---+
|   |   | 8 |   |   |   |   |   | 4 |
+---+---+---+---+---+---+---+---+---+
|   |   | 7 |   |   | 8 | 6 |   | 1 |
+---+---+---+---+---+---+---+---+---+
|   |   |   | 2 | 4 | 7 | 9 |   |   |
+---+---+---+---+---+---+---+---+---+

Id: 05358cbe384a
Difficulty: 1.2
