+---+---+---+---+---+---+---+---+---+
| 9 | 3 |   |   | 2 |   |   |   | 5 |
+---+---+---+---+---+---+---+---+---+
|   |   | 6 |   | 9 | 4 |   |   | 3 |
+---+---+---+---+---+---+---+---+---+
|   |   | 7 |   | 3 |   | 6 | 8 |   |
+---+---+---+---+---+---+---+---+---+
|   | 2 |   |   |   |   |   |   |   |
+---+---+---+---+---+---+---+---+---+
| 6 | 1 | 5 |   |   |   | 2 | 9 | 7 |
+---+---+---+---+---+---+---+---+---+
|   |   |   |   |   |   |   | 4 |   |
+---+---+---+---+---+---+---+---+---+
|   | 7 | 2 |   | 5 |   | 8 |   |   |
+---+---+---+---+---+---+---+---+---+
| 1 |   |   | 3 | 4 |   | 7 |   |   |
+---+---+---+---+---+---+---+---+---+
| 3 |   |   |   | 7 |   |   | 6 | 4 |
+---+---+---+---+---+---+---+---+---+

Id: 106b88a4c3e1
Difficulty: 1.2
