+---+---+---+---+---+---+---+---+---+
| 9 | 2 | 6 |   |   | 3 |   |   | 5 |
+---+---+---+---+---+---+---+---+---+
|   |   | 4 |   | 2 |   |   |   | 3 |
+---+---+---+---+---+---+---+---+---+
|   |   | 3 |   |   |   | 1 | 9 | 2 |
+---+---+---+---+---+---+---+---+---+
| 2 |   |   | 1 |   | 7 |   |   |   |
+---+---+---+---+---+---+---+---+---+
|   | 9 |   |   | 3 |   |   | 2 |   |
+---+---+---+---+---+---+---+---+---+
|   |   |   | 9 |   | 2 |   |   | 7 |
+---+---+---+---+---+---+---+---+---+
| 6 | 4 | 2 |   |   |   | 5 |   |   |
+---+---+---+---+---+---+---+---+---+
| 8 |   |   |   | 5 |   | 3 |   |   |
+---+---+---+---+---+---+---+---+---+
| 5 |   |   | 6 |   |   | 2 | 4 | 9 |
+---+---+---+---+---+---+---+---+---+

Id: 7cb852c94247
Difficulty: 1.2
