+---+---+---+---+---+---+---+---+---+
| 1 | 4 |   |   |   | 5 |   |   | 9 |
+---+---+---+---+---+---+---+---+---+
|   | 9 | 6 |   |   | 2 |   | 7 | 8 |
+---+---+---+---+---+---+---+---+---+
|   |   |   | 4 | 6 |   |   | 2 |   |
+---+---+---+---+---+---+---+---+---+
| 8 | 3 |   |   |   |   | 2 |   |   |
+---+---+---+---+---+---+---+---+---+
|   |   | 1 |   |   |   | 8 |   |   |
+---+---+---+---+---+---+---+---+---+
|   |   | 9 |   |   |   |   | 1 | 5 |
+---+---+---+---+---+---+---+---+---+
|   | 8 |   |   | 7 | 3 |   |   |   |
+---+---+---+---+---+---+---+---+---+
| 9 | 6 |   | 1 |   |   | 7 | 4 |   |
+---+---+---+---+---+---+---+---+---+
| 7 |   |   | 5 |   |   |   | 8 | 2 |
+---+---+---+---+---+---+---+---+---+

Id: 56b8ef762042
Difficulty: 1.2
