+---+---+---+---+---+---+---+---+---+
| 7 |   |   |   | 4 |   |   |   | 9 |
+---+---+---+---+---+---+---+---+---+
|   | 4 |   |   | 1 |   |   | 8 |   |
+---+---+---+---+---+---+---+---+---+
|   |   | 8 |   |   |   | 1 |   |   |
+---+---+---+---+---+---+---+---+---+
|   | 3 |   |   |   |   |   | 2 |   |
+---+---+---+---+---+---+---+---+---+
| 1 |   | 6 |   |   |   | 9 |   | 8 |
+---+---+---+---+---+---+---+---+---+
|   | 7 |   | 5 |   | 8 |   | 4 |   |
+---+---+---+---+---+---+---+---+---+
| 6 | 9 |   | 4 |   | 2 |   | 1 | 7 |
+---+---+---+---+---+---+---+---+---+
|   |   |   |   |   |   |   |   |   |
+---+---+---+---+---+---+---+---+---+
|   | 8 | 7 | 1 | 3 | 9 | 4 | 5 |   |
+---+---+---+---+---+---+---+---+---+

Id: 594e509cd9b5
Difficulty: 1.2
