+---+---+---+---+---+---+---+---+---+
|   |   | 9 | 2 |   | 8 |   |   |   |
+---+---+---+---+---+---+---+---+---+
|   |   |   |   | 1 | 5 | 7 |   |   |
+---+---+---+---+---+---+---+---+---+
|   | 5 | 8 |   |   |   | 4 |   | 2 |
+---+---+---+---+---+---+---+---+---+
| 3 | 8 |   | 4 |   | 6 |   |   | 5 |
+---+---+---+---+---+---+---+---+---+
|   | 7 |   |   | 9 |   |   | 1 |   |
+---+---+---+---+---+---+---+---+---+
| 5 |   |   | 7 |   | 1 |   | 2 | 4 |
+---+---+---+---+---+---+---+---+---+
| 2 |   | 3 |   |   |   | 6 | 4 |   |
+---+---+---+---+---+---+---+---+---+
|   |   | 5 | 1 | 3 |   |   |   |   |
+---+---+---+---+---+---+---+---+---+
|   |   |   | 8 |   | 2 | 1 |   |   |
+---+---+---+---+---+---+---+---+---+

Id: c214eb332f2d
Difficulty: 1.2
