+---+---+---+---+---+---+---+---+---+
| 5 |   |   | 4 | 6 |   |   |   | 3 |
+---+---+---+---+---+---+---+---+---+
|   |   | 4 | 7 |   |   | 2 |   |   |
+---+---+---+---+---+---+---+---+---+
|   | 1 |   | 2 |   | 3 |   | 8 |   |
+---+---+---+---+---+---+---+---+---+
|   |   | 9 |   |   |   | 1 | 7 | 5 |
+---+---+---+---+---+---+---+---+---+
| 7 |   |   |   |   |   |   |   | 2 |
+---+---+---+---+---+---+---+---+---+
| 6 | 5 | 1 |   |   |   | 4 |   |   |
+---+---+---+---+---+---+---+---+---+
|   | 7 |   | 1 |   | 5 |   | 2 |   |
+---+---+---+---+---+---+---+---+---+
|   |   | 5 |   |   | 8 | 3 |   |   |
+---+---+---+---+---+---+---+---+---+
| 8 |   |   |   | 4 | 2 |   |   | 7 |
+---+---+---+---+---+---+---+---+---+

Id: 2eaf502c686e
Difficulty: 1.2
