+---+---+---+---+---+---+---+---+---+
|   |   |   |   |   | 2 |   | 6 |   |
+---+---+---+---+---+---+---+---+---+
| 6 |   | 8 |   |   | 3 | 4 |   |   |
+---+---+---+---+---+---+---+---+---+
|   | 4 | 2 | 6 |   | 8 | 1 | 5 |   |
+---+---+---+---+---+---+---+---+---+
| 8 | 1 | 5 |   |   |   | 2 |   |   |
+---+---+---+---+---+---+---+---+---+
|   |   |   |   | 5 |   |   |   |   |
+---+---+---+---+---+---+---+---+---+
|   |   | 7 |   |   |   | 6 | 3 | 5 |
+---+---+---+---+---+---+---+---+---+
|   | 6 | 1 | 3 |   | 9 | 8 | 7 |   |
+---+---+---+---+---+---+---+---+---+
|   |   | 4 | 2 |   |   | 9 |   | 3 |
+---+---+---+---+---+---+---+---+---+
|   | 2 |   | 1 |   |   |   |   |   |
+---+---+---+---+---+---+---+---+---+

Id: e2d2af102f12
Difficulty: 1.2
