+---+---+---+---+---+---+---+---+---+
| 6 | 8 |   |   |   | 7 | 3 | 5 | 9 |
+---+---+---+---+---+---+---+---+---+
| 7 | 5 |   |   | 3 | 8 |   | 6 | 2 |
+---+---+---+---+---+---+---+---+---+
| 2 |   |   |   |   |   |   |   |   |
+---+---+---+---+---+---+---+---+---+
| 1 | 4 |   |   |   |   |   |   |   |
+---+---+---+---+---+---+---+---+---+
|   | 7 |   |   | 5 |   |   | 1 |   |
+---+---+---+---+---+---+---+---+---+
|   |   |   |   |   |   |   | 7 | 3 |
+---+---+---+---+---+---+---+---+---+
|   |   |   |   |   |   |   |   | 1 |
+---+---+---+---+---+---+---+---+---+
| 4 | 1 |   | 5 | 9 |   |   | 8 | 7 |
+---+---+---+---+---+---+---+---+---+
| 5 | 2 | 8 | 7 |   |   |   | 9 | 4 |
+---+---+---+---+---+---+---+---+---+

Id: cc9cece1873c
Difficulty: 1.2
