+---+---+---+---+---+---+---+---+---+
|   |   |   | 6 |   | 3 |   |   |   |
+---+---+---+---+---+---+---+---+---+
| 4 |   | 9 |   |   |   | 3 |   | 2 |
+---+---+---+---+---+---+---+---+---+
| 6 | 7 |   | 4 |   | 2 |   | 9 | 8 |
+---+---+---+---+---+---+---+---+---+
|   |   |   |   |   |   |   |   |   |
+---+---+---+---+---+---+---+---+---+
| 8 |   |   | 5 |   | 6 |   |   | 9 |
+---+---+---+---+---+---+---+---+---+
| 9 |   | 6 |   |   |   | 7 |   | 1 |
+---+---+---+---+---+---+---+---+---+
|   | 9 | 8 |   |   |   | 5 | 1 |   |
+---+---+---+---+---+---+---+---+---+
|   |   |   | 3 |   | 9 |   |   |   |
+---+---+---+---+---+---+---+---+---+
| 2 | 1 |   |   |   |   |   | 4 | 3 |
+---+---+---+---+---+---+---+---+---+

Id: 69d6ca4a4b57
Difficulty: 1.2
