+---+---+---+---+---+---+---+---+---+
|   |   | 8 |   | 3 |   | 2 | 6 |   |
+---+---+---+---+---+---+---+---+---+
| 2 |   |   | 6 |   | 4 |   |   |   |
+---+---+---+---+---+---+---+---+---+
| 4 |   |   |   | 2 | 8 |   |   | 5 |
+---+---+---+---+---+---+---+---+---+
|   | 2 | 1 |   |   |   |   | 5 |   |
+---+---+---+---+---+---+---+---+---+
| 5 |   | 7 |   | 8 |   | 9 |   | 6 |
+---+---+---+---+---+---+---+---+---+
|   | 4 |   |   |   |   | 7 | 8 |   |
+---+---+---+---+---+---+---+---+---+
| 7 |   |   | 2 | 9 |   |   |   | 8 |
+---+---+---+---+---+---+---+---+---+
|   |   |   | 7 |   | 3 |   |   | 9 |
+---+---+---+---+---+---+---+---+---+
|   | 9 | 2 |   | 1 |   | 6 |   |   |
+---+---+---+---+---+---+---+---+---+

Id: e88de6f1e4b1
Difficulty: 1.2
