+---+---+---+---+---+---+---+---+---+
| 2 |   | 6 | 9 |   | 4 | 8 |   | 3 |
+---+---+---+---+---+---+---+---+---+
|   |   | 4 | 8 |   | 1 | 6 |   |   |
+---+---+---+---+---+---+---+---+---+
|   | 7 |   |   |   |   |   | 4 |   |
+---+---+---+---+---+---+---+---+---+
|   |   | 7 |   |   |   | 1 |   |   |
+---+---+---+---+---+---+---+---+---+
|   | 1 |   |   |   |   |   | 2 |   |
+---+---+---+---+---+---+---+---+---+
|   |   |   | 3 |   | 2 |   |   |   |
+---+---+---+---+---+---+---+---+---+
|   | 4 |   | 5 |   | 8 |   | 6 |   |
+---+---+---+---+---+---+---+---+---+
| 7 |   |   |   | 3 |   |   |   | 1 |
+---+---+---+---+---+---+---+---+---+
| 6 | 8 |   |   | 2 |   |   | 9 | 5 |
+---+---+---+---+---+---+---+---+---+

Id: 434769011996
Difficulty: 1.2
