+---+---+---+---+---+---+---+---+---+
|   | 6 |   | 7 |   | 4 |   | 8 |   |
+---+---+---+---+---+---+---+---+---+
|   |   |   |   | 1 |   |   |   |   |
+---+---+---+---+---+---+---+---+---+
|   |   | 7 | 8 |   | 3 | 4 |   |   |
+---+---+---+---+---+---+---+---+---+
| 4 |   | 3 |   |   |   | 5 |   | 6 |
+---+---+---+---+---+---+---+---+---+
| 5 |   |   |   |   |   |   |   | 3 |
+---+---+---+---+---+---+---+---+---+
|   | 7 |   |   | 3 |   |   | 9 |   |
+---+---+---+---+---+---+---+---+---+
|   | 2 |   |   |   |   |   | 4 |   |
+---+---+---+---+---+---+---+---+---+
|   |   | 4 | 5 |   | 9 | 6 |   |   |
+---+---+---+---+---+---+---+---+---+
|   | 3 | 5 | 2 |   | 6 | 9 | 1 |   |
+---+---+---+---+---+---+---+---+---+

Id: 943224b4c638
Difficulty: 1.2
