+---+---+---+---+---+---+---+---+---+
|   | 5 |   | 7 | 3 |   | 2 |   |   |
+---+---+---+---+---+---+---+---+---+
|   |   |   | 1 |   | 2 | 8 |   | 3 |
+---+---+---+---+---+---+---+---+---+
| 3 | 2 | 1 | 9 |   |   | 4 |   |   |
+---+---+---+---+---+---+---+---+---+
|   | 3 |   |   |   |   | 6 | 4 | 8 |
+---+---+---+---+---+---+---+---+---+
| 1 |   |   |   | 9 |   |   |   | 2 |
+---+---+---+---+---+---+---+---+---+
| 4 | 8 | 2 |   |   |   |   | 1 |   |
+---+---+---+---+---+---+---+---+---+
|   |   | 9 |   |   | 3 | 1 | 2 | 6 |
+---+---+---+---+---+---+---+---+---+
| 2 |   | 3 | 6 |   | 5 |   |   |   |
+---+---+---+---+---+---+---+---+---+
|   |   | 8 |   | 7 | 9 |   | 5 |   |
+---+---+---+---+---+---+---+---+---+

Id: 166bf5c43818
Difficulty: 1.2
