+---+---+---+---+---+---+---+---+---+
|   |   |   | 5 |   | 4 |   |   |   |
+---+---+---+---+---+---+---+---+---+
| 1 |   |   |   |   |   |   |   | 3 |
+---+---+---+---+---+---+---+---+---+
|   | 4 | 3 |   |   |   | 6 | 5 |   |
+---+---+---+---+---+---+---+---+---+
| 3 |   |   | 2 |   | 7 |   |   | 9 |
+---+---+---+---+---+---+---+---+---+
| 8 | 2 |   |   |   |   |   | 3 | 7 |
+---+---+---+---+---+---+---+---+---+
|   |   |   | 3 | 5 | 1 |   |   |   |
+---+---+---+---+---+---+---+---+---+
|   |   |   | 8 |   | 6 |   |   |   |
+---+---+---+---+---+---+---+---+---+
| 5 | 9 | 7 | 4 |   | 3 | 8 | 6 | 2 |
+---+---+---+---+---+---+---+---+---+
|   | 3 |   |   |   |   |   | 9 |   |
+---+---+---+---+---+---+---+---+---+

Id: 6b9b9bd0425e
Difficulty: 1.2
