+---+---+---+---+---+---+---+---+---+
|   |   | 6 |   | 1 |   |   | 9 |   |
+---+---+---+---+---+---+---+---+---+
| 1 | 5 |   |   |   |   | 8 | 4 |   |
+---+---+---+---+---+---+---+---+---+
|   | 9 | 7 |   | 8 |   | 5 |   | 1 |
+---+---+---+---+---+---+---+---+---+
|   |   |   | 3 |   | 5 |   |   |   |
+---+---+---+---+---+---+---+---+---+
| 5 |   | 4 |   |   |   | 2 |   | 9 |
+---+---+---+---+---+---+---+---+---+
|   |   |   | 4 |   | 7 |   |   |   |
+---+---+---+---+---+---+---+---+---+
| 9 |   | 1 |   | 4 |   | 7 | 5 |   |
+---+---+---+---+---+---+---+---+---+
|   | 8 | 3 |   |   |   |   | 6 | 2 |
+---+---+---+---+---+---+---+---+---+
|   | 7 |   |   | 3 |   | 1 |   |   |
+---+---+---+---+---+---+---+---+---+

Id: d08af9698907
Difficulty: 1.2
