+---+---+---+---+---+---+---+---+---+
|   |   | 3 | 4 |   |   |   |   |   |
+---+---+---+---+---+---+---+---+---+
|   | 4 | 9 |   |   |   | 2 | 5 |   |
+---+---+---+---+---+---+---+---+---+
|   | 1 |   | 7 | 9 | 6 |   | 3 | 4 |
+---+---+---+---+---+---+---+---+---+
|   |   | 6 |   | 4 |   | 5 |   | 2 |
+---+---+---+---+---+---+---+---+---+
|   |   | 2 | 8 | 1 | 5 | 4 |   |   |
+---+---+---+---+---+---+---+---+---+
| 4 |   | 1 |   | 6 |   | 7 |   |   |
+---+---+---+---+---+---+---+---+---+
| 9 | 2 |   | 6 | 8 | 1 |   | 4 |   |
+---+---+---+---+---+---+---+---+---+
|   | 6 | 4 |   |   |   | 1 | 7 |   |
+---+---+---+---+---+---+---+---+---+
|   |   |   |   |   | 4 | 6 |   |   |
+---+---+---+---+---+---+---+---+---+

Id: 6b39dc4e5639
Difficulty: 1.2
