+---+---+---+---+---+---+---+---+---+
|   |   | 6 |   | 3 |   | 4 |   |   |
+---+---+---+---+---+---+---+---+---+
|   | 4 |   |   |   |   |   | 7 |   |
+---+---+---+---+---+---+---+---+---+
| 5 |   |   | 9 |   | 6 |   |   | 2 |
+---+---+---+---+---+---+---+---+---+
|   |   | 2 | 4 | 5 | 3 | 8 |   |   |
+---+---+---+---+---+---+---+---+---+
| 6 |   |   | 2 |   | 7 |   |   | 9 |
+---+---+---+---+---+---+---+---+---+
|   |   | 8 | 1 | 6 | 9 | 7 |   |   |
+---+---+---+---+---+---+---+---+---+
| 4 |   |   | 8 |   | 5 |   |   | 7 |
+---+---+---+---+---+---+---+---+---+
|   | 7 |   |   |   |   |   | 3 |   |
+---+---+---+---+---+---+---+---+---+
|   |   | 5 |   | 7 |   | 2 |   |   |
+---+---+---+---+---+---+---+---+---+

Id: 4dfee29d05e8
Difficulty: 1.2
