+---+---+---+---+---+---+---+---+---+
|   | 7 |   | 1 |   |   | 3 | 2 |   |
+---+---+---+---+---+---+---+---+---+
| 1 |   | 3 |   |   |   | 9 |   | 6 |
+---+---+---+---+---+---+---+---+---+
| 2 | 6 |   | 9 |   | 7 |   | 8 |   |
+---+---+---+---+---+---+---+---+---+
|   |   | 6 | 5 |   | 9 | 1 |   | 3 |
+---+---+---+---+---+---+---+---+---+
|   |   |   |   | 2 |   |   |   |   |
+---+---+---+---+---+---+---+---+---+
| 3 |   | 9 | 6 |   | 1 | 2 |   |   |
+---+---+---+---+---+---+---+---+---+
|   | 3 |   | 7 |   | 6 |   | 9 | 8 |
+---+---+---+---+---+---+---+---+---+
| 6 |   | 1 |   |   |   | 7 |   | 5 |
+---+---+---+---+---+---+---+---+---+
|   | 9 | 7 |   |   | 3 |   | 1 |   |
+---+---+---+---+---+---+---+---+---+

Id: 4c3fe3418558
Difficulty: 1.2
