+---+---+---+---+---+---+---+---+---+
|   |   |   | 2 |   | 4 | 6 |   |   |
+---+---+---+---+---+---+---+---+---+
| 1 | 4 | 5 | 3 |   |   | 2 |   |   |
+---+---+---+---+---+---+---+---+---+
| 6 |   |   |   | 7 | 8 |   | 3 |   |
+---+---+---+---+---+---+---+---+---+
|   |   | 4 |   |   |   |   | 9 |   |
+---+---+---+---+---+---+---+---+---+
| 9 |   |   |   |   |   |   |   | 6 |
+---+---+---+---+---+---+---+---+---+
|   | 3 |   |   |   |   | 5 |   |   |
+---+---+---+---+---+---+---+---+---+
|   | 9 |   | 8 | 5 |   |   |   | 7 |
+---+---+---+---+---+---+---+---+---+
|   |   | 2 |   |   | 7 | 9 | 6 | 4 |
+---+---+---+---+---+---+---+---+---+
|   |   | 7 | 9 |   | 2 |   |   |   |
+---+---+---+---+---+---+---+---+---+

Id: 30cd39692114
Difficulty: 1.2
