+---+---+---+---+---+---+---+---+---+
| 6 | 8 | 7 |   |   | 9 |   | 3 | 1 |
+---+---+---+---+---+---+---+---+---+
| 1 | 9 |   | 6 |   |   | 7 | 8 | 2 |
+---+---+---+---+---+---+---+---+---+
|   | 3 |   | 7 |   |   |   |   | 6 |
+---+---+---+---+---+---+---+---+---+
| 3 |   |   |   |   |   | 8 | 9 |   |
+---+---+---+---+---+---+---+---+---+
|   |   |   |   | 9 |   |   |   |   |
+---+---+---+---+---+---+---+---+---+
|   | 5 | 8 |   |   |   |   |   | 7 |
+---+---+---+---+---+---+---+---+---+
| 8 |   |   |   |   | 5 |   | 6 |   |
+---+---+---+---+---+---+---+---+---+
| 7 | 2 | 3 |   |   | 6 |   | 1 | 5 |
+---+---+---+---+---+---+---+---+---+
| 5 | 6 |   | 1 |   |   | 3 | 7 | 8 |
+---+---+---+---+---+---+---+---+---+

Id: d8f2d5d0ddf6
Difficulty: 1.2
