+---+---+---+---+---+---+---+---+---+
|   |   | 8 |   | 3 |   | 2 |   |   |
+---+---+---+---+---+---+---+---+---+
| 4 |   | 9 |   |   |   | 8 |   | 5 |
+---+---+---+---+---+---+---+---+---+
| 2 |   | 7 | 1 |   | 4 | 9 |   | 6 |
+---+---+---+---+---+---+---+---+---+
|   |   |   |   |   |   |   |   |   |
+---+---+---+---+---+---+---+---+---+
|   |   |   | 8 |   | 9 |   |   |   |
+---+---+---+---+---+---+---+---+---+
| 8 |   | 6 |   |   |   | 1 |   | 7 |
+---+---+---+---+---+---+---+---+---+
| 6 |   | 4 |   | 9 |   | 3 |   | 1 |
+---+---+---+---+---+---+---+---+---+
|   |   | 2 |   | 1 |   | 6 |   |   |
+---+---+---+---+---+---+---+---+---+
|   | 8 |   | 6 |   | 3 |   | 4 |   |
+---+---+---+---+---+---+---+---+---+

Id: 2888adadb767
Difficulty: 1.2
