+---+---+---+---+---+---+---+---+---+
| 2 |   |   |   | 9 |   |   |   | 1 |
+---+---+---+---+---+---+---+---+---+
|   | 1 |   | 6 | 5 |   | 7 | 2 |   |
+---+---+---+---+---+---+---+---+---+
|   | 3 | 6 |   | 2 |   | 9 |   |   |
+---+---+---+---+---+---+---+---+---+
|   |   |   |   |   |   |   | 9 |   |
+---+---+---+---+---+---+---+---+---+
| 5 | 6 | 2 |   |   |   | 1 | 8 | 4 |
+---+---+---+---+---+---+---+---+---+
|   | 8 |   |   |   |   |   |   |   |
+---+---+---+---+---+---+---+---+---+
|   |   | 7 |   | 1 |   | 5 | 3 |   |
+---+---+---+---+---+---+---+---+---+
|   | 2 | 4 |   | 6 | 7 |   | 1 |   |
+---+---+---+---+---+---+---+---+---+
| 8 |   |   |   | 3 |   |   |   | 6 |
+---+---+---+---+---+---+---+---+---+

Id: a38c482c2400
Difficulty: 1.2
