+---+---+---+---+---+---+---+---+---+
| 7 | 8 |   | 9 | 2 |   | 4 |   | 1 |
+---+---+---+---+---+---+---+---+---+
|   | 9 |   | 4 |   |   | 6 | 8 | 7 |
+---+---+---+---+---+---+---+---+---+
| 1 | 4 |   | 8 |   |   |   |   |   |
+---+---+---+---+---+---+---+---+---+
|   |   |   |   |   |   | 8 | 3 | 4 |
+---+---+---+---+---+---+---+---+---+
| 4 |   |   |   | 1 |   |   |   | 5 |
+---+---+---+---+---+---+---+---+---+
| 3 | 5 | 8 |   |   |   |   |   |   |
+---+---+---+---+---+---+---+---+---+
|   |   |   |   |   | 2 |   | 4 | 6 |
+---+---+---+---+---+---+---+---+---+
| 8 | 1 | 4 |   |   | 5 |   | 7 |   |
+---+---+---+---+---+---+---+---+---+
| 2 |   | 7 |   | 4 | 3 |   | 9 | 8 |
+---+---+---+---+---+---+---+---+---+

Id: 4eb75c31d178
Difficulty: 1.2
