+---+---+---+---+---+---+---+---+---+
|   | 5 |   | 9 |   | 7 |   |   |   |
+---+---+---+---+---+---+---+---+---+
|   |   | 9 | 3 | 8 | 4 |   |   | 5 |
+---+---+---+---+---+---+---+---+---+
|   |   | 7 |   |   |   | 2 | 9 |   |
+---+---+---+---+---+---+---+---+---+
| 9 | 7 |   | 4 | 3 | 1 |   | 5 | 2 |
+---+---+---+---+---+---+---+---+---+
|   | 2 |   | 5 |   | 8 |   | 6 |   |
+---+---+---+---+---+---+---+---+---+
| 5 | 8 |   | 6 | 9 | 2 |   | 4 | 7 |
+---+---+---+---+---+---+---+---+---+
|   | 9 | 3 |   |   |   | 5 |   |   |
+---+---+---+---+---+---+---+---+---+
| 8 |   |   | 7 | 5 | 3 | 9 |   |   |
+---+---+---+---+---+---+---+---+---+
|   |   |   | 2 |   | 9 |   | 8 |   |
+---+---+---+---+---+---+---+---+---+

Id: c611396d6e1a
Difficulty: 1.2
