+---+---+---+---+---+---+---+---+---+
| 2 | 4 | 9 | 3 | 1 | 8 | 5 | 6 | 7 |
+---+---+---+---+---+---+---+---+---+
| 5 | 1 | 6 | 4 | 7 | 2 | 9 | 8 | 3 |
+---+---+---+---+---+---+---+---+---+
| 3 | 7 | 8 | 6 | 9 | 5 | 1 | 4 | 2 |
+---+---+---+---+---+---+---+---+---+
| 8 | 6 | 4 | 7 | 3 | 1 | 2 | 5 | 9 |
+---+---+---+---+---+---+---+---+---+
| 9 | 5 | 7 | 2 | 4 | 6 | 3 | 1 | 8 |
+---+---+---+---+---+---+---+---+---+
| 1 | 3 | 2 | 5 | 8 | 9 | 6 | 7 | 4 |
+---+---+---+---+---+---+---+---+---+
| 4 | 9 | 1 | 8 | 5 | 3 | 7 | 2 | 6 |
+---+---+---+---+---+---+---+---+---+
| 7 | 2 | 3 | 1 | 6 | 4 | 8 | 9 | 5 |
+---+---+---+---+---+---+---+---+---+
| 6 | 8 | 5 | 9 | 2 | 7 | 4 | 3 | 1 |
+---+---+---+---+---+---+---+---+---+

Id: e0ede7cd3db1
Difficulty: 1.2
