+---+---+---+---+---+---+---+---+---+
| 7 | 6 | 1 | 3 | 9 | 8 | 2 | 4 | 5 |
+---+---+---+---+---+---+---+---+---+
| 5 | 4 | 2 | 7 | 6 | 1 | 9 | 3 | 8 |
+---+---+---+---+---+---+---+---+---+
| 8 | 3 | 9 | 4 | 2 | 5 | 7 | 6 | 1 |
+---+---+---+---+---+---+---+---+---+
| 2 | 7 | 4 | 1 | 3 | 9 | 5 | 8 | 6 |
+---+---+---+---+---+---+---+---+---+
| 3 | 5 | 8 | 6 | 4 | 7 | 1 | 2 | 9 |
+---+---+---+---+---+---+---+---+---+
| 1 | 9 | 6 | 8 | 5 | 2 | 3 | 7 | 4 |
+---+---+---+---+---+---+---+---+---+
| 6 | 2 | 3 | 9 | 1 | 4 | 8 | 5 | 7 |
+---+---+---+---+---+---+---+---+---+
| 4 | 1 | 7 | 5 | 8 | 3 | 6 | 9 | 2 |
+---+---+---+---+---+---+---+---+---+
| 9 | 8 | 5 | 2 | 7 | 6 | 4 | 1 | 3 |
+---+---+---+---+---+---+---+---+---+

Id: 1c05e6f1e7a8
Difficulty: 1.2
