+---+---+---+---+---+---+---+---+---+
| 7 | 6 | 1 | 5 | 4 | 3 | 9 | 2 | 8 |
+---+---+---+---+---+---+---+---+---+
| 8 | 2 | 3 | 6 | 9 | 1 | 7 | 5 | 4 |
+---+---+---+---+---+---+---+---+---+
| 4 | 5 | 9 | 7 | 2 | 8 | 6 | 1 | 3 |
+---+---+---+---+---+---+---+---+---+
| 6 | 1 | 8 | 4 | 7 | 2 | 5 | 3 | 9 |
+---+---+---+---+---+---+---+---+---+
| 5 | 7 | 4 | 9 | 3 | 6 | 1 | 8 | 2 |
+---+---+---+---+---+---+---+---+---+
| 9 | 3 | 2 | 1 | 8 | 5 | 4 | 7 | 6 |
+---+---+---+---+---+---+---+---+---+
| 1 | 8 | 6 | 2 | 5 | 4 | 3 | 9 | 7 |
+---+---+---+---+---+---+---+---+---+
| 3 | 9 | 5 | 8 | 6 | 7 | 2 | 4 | 1 |
+---+---+---+---+---+---+---+---+---+
| 2 | 4 | 7 | 3 | 1 | 9 | 8 | 6 | 5 |
+---+---+---+---+---+---+---+---+---+

Id: 3960e3dae307
Difficulty: 1.2
