+---+---+---+---+---+---+---+---+---+
| 9 | 5 | 6 | 2 | 4 | 3 | 8 | 7 | 1 |
+---+---+---+---+---+---+---+---+---+
| 2 | 4 | 7 | 1 | 8 | 6 | 5 | 9 | 3 |
+---+---+---+---+---+---+---+---+---+
| 8 | 3 | 1 | 7 | 5 | 9 | 2 | 4 | 6 |
+---+---+---+---+---+---+---+---+---+
| 4 | 1 | 8 | 5 | 9 | 2 | 3 | 6 | 7 |
+---+---+---+---+---+---+---+---+---+
| 7 | 2 | 9 | 3 | 6 | 8 | 4 | 1 | 5 |
+---+---+---+---+---+---+---+---+---+
| 5 | 6 | 3 | 4 | 7 | 1 | 9 | 2 | 8 |
+---+---+---+---+---+---+---+---+---+
| 3 | 9 | 4 | 6 | 1 | 5 | 7 | 8 | 2 |
+---+---+---+---+---+---+---+---+---+
| 1 | 7 | 5 | 8 | 2 | 4 | 6 | 3 | 9 |
+---+---+---+---+---+---+---+---+---+
| 6 | 8 | 2 | 9 | 3 | 7 | 1 | 5 | 4 |
+---+---+---+---+---+---+---+---+---+

Id: 2d122de3b2e3
Difficulty: 1.2
