+---+---+---+---+---+---+---+---+---+
| 4 | 9 | 5 | 3 | 2 | 6 | 7 | 8 | 1 |
+---+---+---+---+---+---+---+---+---+
| 7 | 3 | 6 | 1 | 4 | 8 | 9 | 2 | 5 |
+---+---+---+---+---+---+---+---+---+
| 2 | 8 | 1 | 9 | 5 | 7 | 3 | 6 | 4 |
+---+---+---+---+---+---+---+---+---+
| 5 | 6 | 3 | 8 | 7 | 1 | 4 | 9 | 2 |
+---+---+---+---+---+---+---+---+---+
| 8 | 1 | 2 | 4 | 6 | 9 | 5 | 3 | 7 |
+---+---+---+---+---+---+---+---+---+
| 9 | 7 | 4 | 2 | 3 | 5 | 6 | 1 | 8 |
+---+---+---+---+---+---+---+---+---+
| 6 | 2 | 9 | 5 | 1 | 4 | 8 | 7 | 3 |
+---+---+---+---+---+---+---+---+---+
| 1 | 4 | 8 | 7 | 9 | 3 | 2 | 5 | 6 |
+---+---+---+---+---+---+---+---+---+
| 3 | 5 | 7 | 6 | 8 | 2 | 1 | 4 | 9 |
+---+---+---+---+---+---+---+---+---+

Id: 7f0e4334c15d
Difficulty: 1.2
