+---+---+---+---+---+---+---+---+---+
| 8 | 6 | 1 | 7 | 3 | 4 | 2 | 5 | 9 |
+---+---+---+---+---+---+---+---+---+
| 3 | 5 | 2 | 9 | 8 | 1 | 7 | 4 | 6 |
+---+---+---+---+---+---+---+---+---+
| 4 | 9 | 7 | 6 | 2 | 5 | 3 | 8 | 1 |
+---+---+---+---+---+---+---+---+---+
| 6 | 1 | 5 | 4 | 7 | 2 | 9 | 3 | 8 |
+---+---+---+---+---+---+---+---+---+
| 7 | 8 | 9 | 5 | 1 | 3 | 6 | 2 | 4 |
+---+---+---+---+---+---+---+---+---+
| 2 | 4 | 3 | 8 | 9 | 6 | 1 | 7 | 5 |
+---+---+---+---+---+---+---+---+---+
| 1 | 7 | 8 | 2 | 5 | 9 | 4 | 6 | 3 |
+---+---+---+---+---+---+---+---+---+
| 9 | 2 | 4 | 3 | 6 | 8 | 5 | 1 | 7 |
+---+---+---+---+---+---+---+---+---+
| 5 | 3 | 6 | 1 | 4 | 7 | 8 | 9 | 2 |
+---+---+---+---+---+---+---+---+---+

Id: fd66ede8f092
Difficulty: 1.2
