+---+---+---+---+---+---+---+---+---+
| 3 | 8 | 6 | 2 | 9 | 7 | 1 | 4 | 5 |
+---+---+---+---+---+---+---+---+---+
| 9 | 1 | 2 | 4 | 5 | 3 | 7 | 8 | 6 |
+---+---+---+---+---+---+---+---+---+
| 7 | 5 | 4 | 6 | 8 | 1 | 2 | 3 | 9 |
+---+---+---+---+---+---+---+---+---+
| 1 | 3 | 7 | 5 | 4 | 8 | 9 | 6 | 2 |
+---+---+---+---+---+---+---+---+---+
| 4 | 2 | 9 | 7 | 3 | 6 | 5 | 1 | 8 |
+---+---+---+---+---+---+---+---+---+
| 5 | 6 | 8 | 9 | 1 | 2 | 4 | 7 | 3 |
+---+---+---+---+---+---+---+---+---+
| 6 | 9 | 1 | 3 | 2 | 4 | 8 | 5 | 7 |
+---+---+---+---+---+---+---+---+---+
| 8 | 7 | 5 | 1 | 6 | 9 | 3 | 2 | 4 |
+---+---+---+---+---+---+---+---+---+
| 2 | 4 | 3 | 8 | 7 | 5 | 6 | 9 | 1 |
+---+---+---+---+---+---+---+---+---+

Id: 3a7398a0d5b8
Difficulty: 1.2
