+---+---+---+---+---+---+---+---+---+
| 3 | 7 | 8 | 4 | 9 | 2 | 5 | 1 | 6 |
+---+---+---+---+---+---+---+---+---+
| 1 | 2 | 6 | 8 | 7 | 5 | 3 | 4 | 9 |
+---+---+---+---+---+---+---+---+---+
| 9 | 5 | 4 | 3 | 6 | 1 | 7 | 2 | 8 |
+---+---+---+---+---+---+---+---+---+
| 5 | 1 | 9 | 7 | 4 | 3 | 6 | 8 | 2 |
+---+---+---+---+---+---+---+---+---+
| 6 | 4 | 2 | 5 | 8 | 9 | 1 | 7 | 3 |
+---+---+---+---+---+---+---+---+---+
| 7 | 8 | 3 | 1 | 2 | 6 | 4 | 9 | 5 |
+---+---+---+---+---+---+---+---+---+
| 2 | 3 | 7 | 9 | 5 | 4 | 8 | 6 | 1 |
+---+---+---+---+---+---+---+---+---+
| 4 | 6 | 1 | 2 | 3 | 8 | 9 | 5 | 7 |
+---+---+---+---+---+---+---+---+---+
| 8 | 9 | 5 | 6 | 1 | 7 | 2 | 3 | 4 |
+---+---+---+---+---+---+---+---+---+

Id: 93d7f50c34dd
Difficulty: 1.2
