+---+---+---+---+---+---+---+---+---+
| 1 | 5 | 9 | 2 | 8 | 6 | 3 | 4 | 7 |
+---+---+---+---+---+---+---+---+---+
| 3 | 7 | 4 | 1 | 9 | 5 | 2 | 8 | 6 |
+---+---+---+---+---+---+---+---+---+
| 6 | 2 | 8 | 7 | 4 | 3 | 5 | 9 | 1 |
+---+---+---+---+---+---+---+---+---+
| 2 | 3 | 1 | 5 | 6 | 4 | 9 | 7 | 8 |
+---+---+---+---+---+---+---+---+---+
| 9 | 4 | 6 | 8 | 3 | 7 | 1 | 2 | 5 |
+---+---+---+---+---+---+---+---+---+
| 5 | 8 | 7 | 9 | 2 | 1 | 4 | 6 | 3 |
+---+---+---+---+---+---+---+---+---+
| 8 | 1 | 5 | 4 | 7 | 9 | 6 | 3 | 2 |
+---+---+---+---+---+---+---+---+---+
| 4 | 6 | 2 | 3 | 5 | 8 | 7 | 1 | 9 |
+---+---+---+---+---+---+---+---+---+
| 7 | 9 | 3 | 6 | 1 | 2 | 8 | 5 | 4 |
+---+---+---+---+---+---+---+---+---+

Id: 7f59d34cb6fd
Difficulty: 1.2
