+---+---+---+---+---+---+---+---+---+
| 3 | 5 | 6 | 2 | 7 | 1 | 9 | 8 | 4 |
+---+---+---+---+---+---+---+---+---+
| 4 | 1 | 9 | 5 | 8 | 6 | 3 | 2 | 7 |
+---+---+---+---+---+---+---+---+---+
| 8 | 2 | 7 | 9 | 4 | 3 | 5 | 1 | 6 |
+---+---+---+---+---+---+---+---+---+
| 9 | 8 | 3 | 7 | 1 | 2 | 4 | 6 | 5 |
+---+---+---+---+---+---+---+---+---+
| 2 | 7 | 1 | 4 | 6 | 5 | 8 | 3 | 9 |
+---+---+---+---+---+---+---+---+---+
| 5 | 6 | 4 | 8 | 3 | 9 | 2 | 7 | 1 |
+---+---+---+---+---+---+---+---+---+
| 7 | 9 | 8 | 6 | 2 | 4 | 1 | 5 | 3 |
+---+---+---+---+---+---+---+---+---+
| 1 | 4 | 2 | 3 | 5 | 7 | 6 | 9 | 8 |
+---+---+---+---+---+---+---+---+---+
| 6 | 3 | 5 | 1 | 9 | 8 | 7 | 4 | 2 |
+---+---+---+---+---+---+---+---+---+

Id: 34360d251c2f
Difficulty: 1.2
