+---+---+---+---+---+---+---+---+---+
| 8 | 4 | 6 | 5 | 1 | 2 | 3 | 9 | 7 |
+---+---+---+---+---+---+---+---+---+
| 1 | 5 | 2 | 9 | 7 | 3 | 8 | 4 | 6 |
+---+---+---+---+---+---+---+---+---+
| 3 | 9 | 7 | 6 | 8 | 4 | 5 | 2 | 1 |
+---+---+---+---+---+---+---+---+---+
| 7 | 6 | 9 | 3 | 2 | 5 | 4 | 1 | 8 |
+---+---+---+---+---+---+---+---+---+
| 5 | 3 | 4 | 1 | 6 | 8 | 2 | 7 | 9 |
+---+---+---+---+---+---+---+---+---+
| 2 | 1 | 8 | 4 | 9 | 7 | 6 | 3 | 5 |
+---+---+---+---+---+---+---+---+---+
| 9 | 2 | 1 | 8 | 4 | 6 | 7 | 5 | 3 |
+---+---+---+---+---+---+---+---+---+
| 4 | 8 | 3 | 7 | 5 | 1 | 9 | 6 | 2 |
+---+---+---+---+---+---+---+---+---+
| 6 | 7 | 5 | 2 | 3 | 9 | 1 | 8 | 4 |
+---+---+---+---+---+---+---+---+---+

Id: d08af9698907
Difficulty: 1.2
