+---+---+---+---+---+---+---+---+---+
| 7 | 8 | 3 | 4 | 5 | 2 | 9 | 6 | 1 |
+---+---+---+---+---+---+---+---+---+
| 6 | 4 | 9 | 1 | 3 | 8 | 2 | 5 | 7 |
+---+---+---+---+---+---+---+---+---+
| 2 | 1 | 5 | 7 | 9 | 6 | 8 | 3 | 4 |
+---+---+---+---+---+---+---+---+---+
| 8 | 9 | 6 | 3 | 4 | 7 | 5 | 1 | 2 |
+---+---+---+---+---+---+---+---+---+
| 3 | 7 | 2 | 8 | 1 | 5 | 4 | 9 | 6 |
+---+---+---+---+---+---+---+---+---+
| 4 | 5 | 1 | 2 | 6 | 9 | 7 | 8 | 3 |
+---+---+---+---+---+---+---+---+---+
| 9 | 2 | 7 | 6 | 8 | 1 | 3 | 4 | 5 |
+---+---+---+---+---+---+---+---+---+
| 5 | 6 | 4 | 9 | 2 | 3 | 1 | 7 | 8 |
+---+---+---+---+---+---+---+---+---+
| 1 | 3 | 8 | 5 | 7 | 4 | 6 | 2 | 9 |
+---+---+---+---+---+---+---+---+---+

Id: 6b39dc4e5639
Difficulty: 1.2
