+---+---+---+---+---+---+---+---+---+
| 2 | 8 | 7 | 3 | 4 | 9 | 6 | 5 | 1 |
+---+---+---+---+---+---+---+---+---+
| 4 | 9 | 6 | 1 | 5 | 7 | 8 | 3 | 2 |
+---+---+---+---+---+---+---+---+---+
| 3 | 5 | 1 | 2 | 8 | 6 | 4 | 9 | 7 |
+---+---+---+---+---+---+---+---+---+
| 5 | 4 | 3 | 9 | 7 | 2 | 1 | 6 | 8 |
+---+---+---+---+---+---+---+---+---+
| 8 | 1 | 2 | 6 | 3 | 4 | 5 | 7 | 9 |
+---+---+---+---+---+---+---+---+---+
| 6 | 7 | 9 | 8 | 1 | 5 | 2 | 4 | 3 |
+---+---+---+---+---+---+---+---+---+
| 1 | 2 | 4 | 5 | 9 | 3 | 7 | 8 | 6 |
+---+---+---+---+---+---+---+---+---+
| 9 | 6 | 5 | 7 | 2 | 8 | 3 | 1 | 4 |
+---+---+---+---+---+---+---+---+---+
| 7 | 3 | 8 | 4 | 6 | 1 | 9 | 2 | 5 |
+---+---+---+---+---+---+---+---+---+

Id: 493b478f4f98
Difficulty: 1.2
