+---+---+---+---+---+---+---+---+---+
| 7 | 5 | 3 | 4 | 9 | 6 | 1 | 2 | 8 |
+---+---+---+---+---+---+---+---+---+
| 4 | 9 | 2 | 1 | 8 | 5 | 6 | 7 | 3 |
+---+---+---+---+---+---+---+---+---+
| 8 | 6 | 1 | 3 | 2 | 7 | 5 | 9 | 4 |
+---+---+---+---+---+---+---+---+---+
| 9 | 7 | 6 | 5 | 4 | 1 | 3 | 8 | 2 |
+---+---+---+---+---+---+---+---+---+
| 5 | 3 | 8 | 6 | 7 | 2 | 4 | 1 | 9 |
+---+---+---+---+---+---+---+---+---+
| 1 | 2 | 4 | 9 | 3 | 8 | 7 | 6 | 5 |
+---+---+---+---+---+---+---+---+---+
| 6 | 4 | 9 | 8 | 1 | 3 | 2 | 5 | 7 |
+---+---+---+---+---+---+---+---+---+
| 3 | 1 | 7 | 2 | 5 | 9 | 8 | 4 | 6 |
+---+---+---+---+---+---+---+---+---+
| 2 | 8 | 5 | 7 | 6 | 4 | 9 | 3 | 1 |
+---+---+---+---+---+---+---+---+---+

Id: c545001ff197
Difficulty: 1.2
