+---+---+---+---+---+---+---+---+---+
| 5 | 2 | 7 | 3 | 9 | 4 | 6 | 1 | 8 |
+---+---+---+---+---+---+---+---+---+
| 4 | 3 | 8 | 6 | 2 | 1 | 7 | 9 | 5 |
+---+---+---+---+---+---+---+---+---+
| 6 | 9 | 1 | 8 | 7 | 5 | 2 | 4 | 3 |
+---+---+---+---+---+---+---+---+---+
| 8 | 1 | 6 | 2 | 5 | 9 | 3 | 7 | 4 |
+---+---+---+---+---+---+---+---+---+
| 7 | 5 | 9 | 1 | 4 | 3 | 8 | 2 | 6 |
+---+---+---+---+---+---+---+---+---+
| 2 | 4 | 3 | 7 | 6 | 8 | 1 | 5 | 9 |
+---+---+---+---+---+---+---+---+---+
| 1 | 6 | 5 | 9 | 3 | 7 | 4 | 8 | 2 |
+---+---+---+---+---+---+---+---+---+
| 9 | 8 | 2 | 4 | 1 | 6 | 5 | 3 | 7 |
+---+---+---+---+---+---+---+---+---+
| 3 | 7 | 4 | 5 | 8 | 2 | 9 | 6 | 1 |
+---+---+---+---+---+---+---+---+---+

Id: 22c885546b4e
Difficulty: 1.2
