+---+---+---+---+---+---+---+---+---+
| 4 | 3 | 2 | 6 | 9 | 7 | 5 | 1 | 8 |
+---+---+---+---+---+---+---+---+---+
| 1 | 7 | 5 | 3 | 8 | 2 | 6 | 9 | 4 |
+---+---+---+---+---+---+---+---+---+
| 6 | 8 | 9 | 5 | 4 | 1 | 2 | 3 | 7 |
+---+---+---+---+---+---+---+---+---+
| 8 | 5 | 1 | 2 | 3 | 4 | 7 | 6 | 9 |
+---+---+---+---+---+---+---+---+---+
| 3 | 9 | 4 | 1 | 7 | 6 | 8 | 5 | 2 |
+---+---+---+---+---+---+---+---+---+
| 7 | 2 | 6 | 8 | 5 | 9 | 1 | 4 | 3 |
+---+---+---+---+---+---+---+---+---+
| 5 | 1 | 8 | 4 | 2 | 3 | 9 | 7 | 6 |
+---+---+---+---+---+---+---+---+---+
| 9 | 6 | 3 | 7 | 1 | 8 | 4 | 2 | 5 |
+---+---+---+---+---+---+---+---+---+
| 2 | 4 | 7 | 9 | 6 | 5 | 3 | 8 | 1 |
+---+---+---+---+---+---+---+---+---+

Id: e938bd52e191
Difficulty: 1.5
