+---+---+---+---+---+---+---+---+---+
| 1 | 8 | 5 | 6 | 9 | 2 | 7 | 4 | 3 |
+---+---+---+---+---+---+---+---+---+
| 9 | 3 | 2 | 1 | 4 | 7 | 6 | 8 | 5 |
+---+---+---+---+---+---+---+---+---+
| 7 | 4 | 6 | 3 | 8 | 5 | 9 | 2 | 1 |
+---+---+---+---+---+---+---+---+---+
| 6 | 7 | 4 | 8 | 5 | 3 | 1 | 9 | 2 |
+---+---+---+---+---+---+---+---+---+
| 3 | 2 | 9 | 4 | 6 | 1 | 8 | 5 | 7 |
+---+---+---+---+---+---+---+---+---+
| 5 | 1 | 8 | 2 | 7 | 9 | 3 | 6 | 4 |
+---+---+---+---+---+---+---+---+---+
| 2 | 6 | 1 | 5 | 3 | 8 | 4 | 7 | 9 |
+---+---+---+---+---+---+---+---+---+
| 8 | 9 | 3 | 7 | 2 | 4 | 5 | 1 | 6 |
+---+---+---+---+---+---+---+---+---+
| 4 | 5 | 7 | 9 | 1 | 6 | 2 | 3 | 8 |
+---+---+---+---+---+---+---+---+---+

Id: 931cb0bb355a
Difficulty: 1.5
