+---+---+---+---+---+---+---+---+---+
| 3 | 1 | 9 | 4 | 8 | 6 | 2 | 5 | 7 |
+---+---+---+---+---+---+---+---+---+
| 6 | 2 | 4 | 1 | 5 | 7 | 9 | 8 | 3 |
+---+---+---+---+---+---+---+---+---+
| 8 | 5 | 7 | 2 | 3 | 9 | 1 | 4 | 6 |
+---+---+---+---+---+---+---+---+---+
| 4 | 3 | 6 | 9 | 2 | 5 | 7 | 1 | 8 |
+---+---+---+---+---+---+---+---+---+
| 5 | 7 | 1 | 3 | 6 | 8 | 4 | 9 | 2 |
+---+---+---+---+---+---+---+---+---+
| 9 | 8 | 2 | 7 | 1 | 4 | 6 | 3 | 5 |
+---+---+---+---+---+---+---+---+---+
| 2 | 4 | 8 | 5 | 7 | 1 | 3 | 6 | 9 |
+---+---+---+---+---+---+---+---+---+
| 7 | 9 | 5 | 6 | 4 | 3 | 8 | 2 | 1 |
+---+---+---+---+---+---+---+---+---+
| 1 | 6 | 3 | 8 | 9 | 2 | 5 | 7 | 4 |
+---+---+---+---+---+---+---+---+---+

Id: 4651e334f689
Difficulty: 1.5
