+---+---+---+---+---+---+---+---+---+
| 9 | 6 | 5 | 8 | 4 | 2 | 3 | 7 | 1 |
+---+---+---+---+---+---+---+---+---+
| 8 | 2 | 1 | 3 | 6 | 7 | 4 | 9 | 5 |
+---+---+---+---+---+---+---+---+---+
| 3 | 7 | 4 | 9 | 1 | 5 | 8 | 6 | 2 |
+---+---+---+---+---+---+---+---+---+
| 4 | 9 | 3 | 6 | 7 | 1 | 2 | 5 | 8 |
+---+---+---+---+---+---+---+---+---+
| 2 | 1 | 6 | 5 | 8 | 9 | 7 | 3 | 4 |
+---+---+---+---+---+---+---+---+---+
| 7 | 5 | 8 | 4 | 2 | 3 | 9 | 1 | 6 |
+---+---+---+---+---+---+---+---+---+
| 5 | 4 | 2 | 7 | 9 | 6 | 1 | 8 | 3 |
+---+---+---+---+---+---+---+---+---+
| 6 | 8 | 9 | 1 | 3 | 4 | 5 | 2 | 7 |
+---+---+---+---+---+---+---+---+---+
| 1 | 3 | 7 | 2 | 5 | 8 | 6 | 4 | 9 |
+---+---+---+---+---+---+---+---+---+

Id: c8a4628d9520
Difficulty: 1.5
