+---+---+---+---+---+---+---+---+---+
| 1 | 6 | 3 | 9 | 2 | 7 | 5 | 4 | 8 |
+---+---+---+---+---+---+---+---+---+
| 7 | 4 | 2 | 3 | 8 | 5 | 9 | 1 | 6 |
+---+---+---+---+---+---+---+---+---+
| 9 | 8 | 5 | 6 | 1 | 4 | 7 | 2 | 3 |
+---+---+---+---+---+---+---+---+---+
| 6 | 9 | 7 | 4 | 5 | 3 | 2 | 8 | 1 |
+---+---+---+---+---+---+---+---+---+
| 3 | 1 | 4 | 8 | 7 | 2 | 6 | 9 | 5 |
+---+---+---+---+---+---+---+---+---+
| 5 | 2 | 8 | 1 | 9 | 6 | 3 | 7 | 4 |
+---+---+---+---+---+---+---+---+---+
| 2 | 3 | 6 | 7 | 4 | 8 | 1 | 5 | 9 |
+---+---+---+---+---+---+---+---+---+
| 4 | 5 | 1 | 2 | 3 | 9 | 8 | 6 | 7 |
+---+---+---+---+---+---+---+---+---+
| 8 | 7 | 9 | 5 | 6 | 1 | 4 | 3 | 2 |
+---+---+---+---+---+---+---+---+---+

Id: 649f2e6e4a83
Difficulty: 1.5
