+---+---+---+---+---+---+---+---+---+
| 3 | 2 | 1 | 4 | 8 | 6 | 7 | 9 | 5 |
+---+---+---+---+---+---+---+---+---+
| 6 | 4 | 7 | 5 | 1 | 9 | 8 | 3 | 2 |
+---+---+---+---+---+---+---+---+---+
| 9 | 8 | 5 | 7 | 2 | 3 | 4 | 1 | 6 |
+---+---+---+---+---+---+---+---+---+
| 8 | 1 | 9 | 3 | 5 | 7 | 6 | 2 | 4 |
+---+---+---+---+---+---+---+---+---+
| 7 | 5 | 2 | 6 | 4 | 1 | 9 | 8 | 3 |
+---+---+---+---+---+---+---+---+---+
| 4 | 6 | 3 | 8 | 9 | 2 | 1 | 5 | 7 |
+---+---+---+---+---+---+---+---+---+
| 5 | 3 | 8 | 9 | 6 | 4 | 2 | 7 | 1 |
+---+---+---+---+---+---+---+---+---+
| 2 | 7 | 4 | 1 | 3 | 8 | 5 | 6 | 9 |
+---+---+---+---+---+---+---+---+---+
| 1 | 9 | 6 | 2 | 7 | 5 | 3 | 4 | 8 |
+---+---+---+---+---+---+---+---+---+

Id: f9a1ba0f49c3
Difficulty: 1.5
