+---+---+---+---+---+---+---+---+---+
| 7 | 9 | 3 | 1 | 5 | 2 | 8 | 6 | 4 |
+---+---+---+---+---+---+---+---+---+
| 1 | 6 | 4 | 7 | 8 | 9 | 3 | 5 | 2 |
+---+---+---+---+---+---+---+---+---+
| 2 | 8 | 5 | 4 | 6 | 3 | 9 | 7 | 1 |
+---+---+---+---+---+---+---+---+---+
| 9 | 5 | 1 | 2 | 7 | 8 | 6 | 4 | 3 |
+---+---+---+---+---+---+---+---+---+
| 6 | 3 | 7 | 5 | 9 | 4 | 1 | 2 | 8 |
+---+---+---+---+---+---+---+---+---+
| 4 | 2 | 8 | 6 | 3 | 1 | 5 | 9 | 7 |
+---+---+---+---+---+---+---+---+---+
| 5 | 1 | 2 | 3 | 4 | 6 | 7 | 8 | 9 |
+---+---+---+---+---+---+---+---+---+
| 8 | 4 | 6 | 9 | 1 | 7 | 2 | 3 | 5 |
+---+---+---+---+---+---+---+---+---+
| 3 | 7 | 9 | 8 | 2 | 5 | 4 | 1 | 6 |
+---+---+---+---+---+---+---+---+---+

Id: 255135b137b3
Difficulty: 1.5
