+---+---+---+---+---+---+---+---+---+
| 4 | 2 | 8 | 3 | 9 | 7 | 1 | 6 | 5 |
+---+---+---+---+---+---+---+---+---+
| 9 | 1 | 6 | 5 | 4 | 8 | 3 | 7 | 2 |
+---+---+---+---+---+---+---+---+---+
| 5 | 3 | 7 | 1 | 6 | 2 | 8 | 9 | 4 |
+---+---+---+---+---+---+---+---+---+
| 2 | 9 | 4 | 7 | 1 | 5 | 6 | 8 | 3 |
+---+---+---+---+---+---+---+---+---+
| 6 | 5 | 3 | 8 | 2 | 9 | 7 | 4 | 1 |
+---+---+---+---+---+---+---+---+---+
| 8 | 7 | 1 | 6 | 3 | 4 | 5 | 2 | 9 |
+---+---+---+---+---+---+---+---+---+
| 1 | 4 | 5 | 9 | 7 | 6 | 2 | 3 | 8 |
+---+---+---+---+---+---+---+---+---+
| 7 | 8 | 2 | 4 | 5 | 3 | 9 | 1 | 6 |
+---+---+---+---+---+---+---+---+---+
| 3 | 6 | 9 | 2 | 8 | 1 | 4 | 5 | 7 |
+---+---+---+---+---+---+---+---+---+

Id: 1543151eb491
Difficulty: 1.5
