+---+---+---+---+---+---+---+---+---+
| 6 | 8 | 9 | 4 | 1 | 2 | 3 | 5 | 7 |
+---+---+---+---+---+---+---+---+---+
| 1 | 7 | 5 | 8 | 3 | 9 | 4 | 6 | 2 |
+---+---+---+---+---+---+---+---+---+
| 3 | 2 | 4 | 6 | 5 | 7 | 8 | 1 | 9 |
+---+---+---+---+---+---+---+---+---+
| 9 | 6 | 2 | 3 | 4 | 5 | 7 | 8 | 1 |
+---+---+---+---+---+---+---+---+---+
| 8 | 5 | 3 | 7 | 2 | 1 | 6 | 9 | 4 |
+---+---+---+---+---+---+---+---+---+
| 4 | 1 | 7 | 9 | 6 | 8 | 2 | 3 | 5 |
+---+---+---+---+---+---+---+---+---+
| 5 | 4 | 8 | 2 | 9 | 3 | 1 | 7 | 6 |
+---+---+---+---+---+---+---+---+---+
| 7 | 9 | 6 | 1 | 8 | 4 | 5 | 2 | 3 |
+---+---+---+---+---+---+---+---+---+
| 2 | 3 | 1 | 5 | 7 | 6 | 9 | 4 | 8 |
+---+---+---+---+---+---+---+---+---+

Id: 4f8a922b4a09
Difficulty: 1.5
