+---+---+---+---+---+---+---+---+---+
| 6 | 8 | 2 | 7 | 9 | 3 | 1 | 4 | 5 |
+---+---+---+---+---+---+---+---+---+
| 5 | 3 | 4 | 6 | 2 | 1 | 9 | 8 | 7 |
+---+---+---+---+---+---+---+---+---+
| 1 | 9 | 7 | 8 | 4 | 5 | 6 | 3 | 2 |
+---+---+---+---+---+---+---+---+---+
| 4 | 7 | 5 | 3 | 1 | 9 | 8 | 2 | 6 |
+---+---+---+---+---+---+---+---+---+
| 3 | 1 | 8 | 2 | 5 | 6 | 7 | 9 | 4 |
+---+---+---+---+---+---+---+---+---+
| 2 | 6 | 9 | 4 | 7 | 8 | 3 | 5 | 1 |
+---+---+---+---+---+---+---+---+---+
| 9 | 4 | 3 | 5 | 6 | 7 | 2 | 1 | 8 |
+---+---+---+---+---+---+---+---+---+
| 7 | 5 | 1 | 9 | 8 | 2 | 4 | 6 | 3 |
+---+---+---+---+---+---+---+---+---+
| 8 | 2 | 6 | 1 | 3 | 4 | 5 | 7 | 9 |
+---+---+---+---+---+---+---+---+---+

Id: 53b1a62ee380
Difficulty: 1.5
