+---+---+---+---+---+---+---+---+---+
| 3 | 7 | 6 | 1 | 2 | 4 | 5 | 8 | 9 |
+---+---+---+---+---+---+---+---+---+
| 8 | 5 | 9 | 7 | 6 | 3 | 2 | 1 | 4 |
+---+---+---+---+---+---+---+---+---+
| 4 | 1 | 2 | 9 | 8 | 5 | 6 | 3 | 7 |
+---+---+---+---+---+---+---+---+---+
| 2 | 6 | 4 | 5 | 1 | 8 | 9 | 7 | 3 |
+---+---+---+---+---+---+---+---+---+
| 1 | 9 | 7 | 3 | 4 | 6 | 8 | 2 | 5 |
+---+---+---+---+---+---+---+---+---+
| 5 | 8 | 3 | 2 | 9 | 7 | 4 | 6 | 1 |
+---+---+---+---+---+---+---+---+---+
| 6 | 3 | 8 | 4 | 5 | 1 | 7 | 9 | 2 |
+---+---+---+---+---+---+---+---+---+
| 9 | 4 | 1 | 8 | 7 | 2 | 3 | 5 | 6 |
+---+---+---+---+---+---+---+---+---+
| 7 | 2 | 5 | 6 | 3 | 9 | 1 | 4 | 8 |
+---+---+---+---+---+---+---+---+---+

Id: ff0e3159893b
Difficulty: 1.7
