+---+---+---+---+---+---+---+---+---+
| 4 | 5 | 8 | 7 | 2 | 6 | 3 | 9 | 1 |
+---+---+---+---+---+---+---+---+---+
| 6 | 9 | 3 | 8 | 1 | 5 | 2 | 7 | 4 |
+---+---+---+---+---+---+---+---+---+
| 7 | 1 | 2 | 4 | 9 | 3 | 5 | 6 | 8 |
+---+---+---+---+---+---+---+---+---+
| 3 | 8 | 7 | 6 | 4 | 1 | 9 | 5 | 2 |
+---+---+---+---+---+---+---+---+---+
| 9 | 4 | 6 | 5 | 8 | 2 | 7 | 1 | 3 |
+---+---+---+---+---+---+---+---+---+
| 1 | 2 | 5 | 9 | 3 | 7 | 8 | 4 | 6 |
+---+---+---+---+---+---+---+---+---+
| 2 | 6 | 1 | 3 | 5 | 9 | 4 | 8 | 7 |
+---+---+---+---+---+---+---+---+---+
| 5 | 3 | 4 | 1 | 7 | 8 | 6 | 2 | 9 |
+---+---+---+---+---+---+---+---+---+
| 8 | 7 | 9 | 2 | 6 | 4 | 1 | 3 | 5 |
+---+---+---+---+---+---+---+---+---+

Id: 3f2458c70416
Difficulty: 1.7
