+---+---+---+---+---+---+---+---+---+
| 7 | 2 | 5 | 9 | 4 | 3 | 1 | 8 | 6 |
+---+---+---+---+---+---+---+---+---+
| 3 | 1 | 9 | 7 | 8 | 6 | 5 | 2 | 4 |
+---+---+---+---+---+---+---+---+---+
| 6 | 8 | 4 | 1 | 5 | 2 | 7 | 9 | 3 |
+---+---+---+---+---+---+---+---+---+
| 5 | 6 | 1 | 3 | 7 | 8 | 9 | 4 | 2 |
+---+---+---+---+---+---+---+---+---+
| 9 | 3 | 2 | 4 | 6 | 1 | 8 | 5 | 7 |
+---+---+---+---+---+---+---+---+---+
| 4 | 7 | 8 | 2 | 9 | 5 | 3 | 6 | 1 |
+---+---+---+---+---+---+---+---+---+
| 8 | 4 | 6 | 5 | 3 | 7 | 2 | 1 | 9 |
+---+---+---+---+---+---+---+---+---+
| 2 | 5 | 3 | 6 | 1 | 9 | 4 | 7 | 8 |
+---+---+---+---+---+---+---+---+---+
| 1 | 9 | 7 | 8 | 2 | 4 | 6 | 3 | 5 |
+---+---+---+---+---+---+---+---+---+

Id: 1b272cd3ecd6
Difficulty: 1.7
