+---+---+---+---+---+---+---+---+---+
| 7 | 9 | 6 | 1 | 8 | 3 | 2 | 4 | 5 |
+---+---+---+---+---+---+---+---+---+
| 4 | 1 | 2 | 7 | 6 | 5 | 3 | 8 | 9 |
+---+---+---+---+---+---+---+---+---+
| 5 | 8 | 3 | 9 | 2 | 4 | 6 | 7 | 1 |
+---+---+---+---+---+---+---+---+---+
| 9 | 3 | 4 | 6 | 1 | 7 | 5 | 2 | 8 |
+---+---+---+---+---+---+---+---+---+
| 2 | 5 | 7 | 4 | 9 | 8 | 1 | 6 | 3 |
+---+---+---+---+---+---+---+---+---+
| 8 | 6 | 1 | 3 | 5 | 2 | 4 | 9 | 7 |
+---+---+---+---+---+---+---+---+---+
| 3 | 4 | 8 | 5 | 7 | 6 | 9 | 1 | 2 |
+---+---+---+---+---+---+---+---+---+
| 1 | 2 | 5 | 8 | 4 | 9 | 7 | 3 | 6 |
+---+---+---+---+---+---+---+---+---+
| 6 | 7 | 9 | 2 | 3 | 1 | 8 | 5 | 4 |
+---+---+---+---+---+---+---+---+---+

Id: 0ce1d7288061
Difficulty: 1.7
