+---+---+---+---+---+---+---+---+---+
| 1 | 3 | 2 | 4 | 6 | 7 | 8 | 9 | 5 |
+---+---+---+---+---+---+---+---+---+
| 7 | 5 | 4 | 9 | 8 | 1 | 2 | 3 | 6 |
+---+---+---+---+---+---+---+---+---+
| 8 | 9 | 6 | 3 | 5 | 2 | 4 | 1 | 7 |
+---+---+---+---+---+---+---+---+---+
| 9 | 8 | 3 | 2 | 7 | 4 | 6 | 5 | 1 |
+---+---+---+---+---+---+---+---+---+
| 2 | 6 | 7 | 5 | 1 | 3 | 9 | 4 | 8 |
+---+---+---+---+---+---+---+---+---+
| 4 | 1 | 5 | 6 | 9 | 8 | 3 | 7 | 2 |
+---+---+---+---+---+---+---+---+---+
| 5 | 4 | 8 | 1 | 2 | 9 | 7 | 6 | 3 |
+---+---+---+---+---+---+---+---+---+
| 6 | 7 | 9 | 8 | 3 | 5 | 1 | 2 | 4 |
+---+---+---+---+---+---+---+---+---+
| 3 | 2 | 1 | 7 | 4 | 6 | 5 | 8 | 9 |
+---+---+---+---+---+---+---+---+---+

Id: 1c9fe5ed1557
Difficulty: 1.7
