+---+---+---+---+---+---+---+---+---+
| 9 | 1 | 7 | 6 | 8 | 2 | 5 | 4 | 3 |
+---+---+---+---+---+---+---+---+---+
| 8 | 4 | 6 | 3 | 7 | 5 | 2 | 9 | 1 |
+---+---+---+---+---+---+---+---+---+
| 5 | 3 | 2 | 9 | 1 | 4 | 6 | 8 | 7 |
+---+---+---+---+---+---+---+---+---+
| 2 | 5 | 1 | 4 | 3 | 9 | 7 | 6 | 8 |
+---+---+---+---+---+---+---+---+---+
| 3 | 7 | 4 | 8 | 2 | 6 | 9 | 1 | 5 |
+---+---+---+---+---+---+---+---+---+
| 6 | 8 | 9 | 1 | 5 | 7 | 4 | 3 | 2 |
+---+---+---+---+---+---+---+---+---+
| 7 | 6 | 8 | 2 | 4 | 3 | 1 | 5 | 9 |
+---+---+---+---+---+---+---+---+---+
| 1 | 9 | 5 | 7 | 6 | 8 | 3 | 2 | 4 |
+---+---+---+---+---+---+---+---+---+
| 4 | 2 | 3 | 5 | 9 | 1 | 8 | 7 | 6 |
+---+---+---+---+---+---+---+---+---+

Id: 0ae887101162
Difficulty: 1.7
