+---+---+---+---+---+---+---+---+---+
| 3 | 1 | 2 | 6 | 4 | 7 | 9 | 8 | 5 |
+---+---+---+---+---+---+---+---+---+
| 4 | 8 | 9 | 5 | 2 | 1 | 7 | 6 | 3 |
+---+---+---+---+---+---+---+---+---+
| 5 | 7 | 6 | 3 | 9 | 8 | 4 | 2 | 1 |
+---+---+---+---+---+---+---+---+---+
| 6 | 9 | 7 | 2 | 5 | 4 | 3 | 1 | 8 |
+---+---+---+---+---+---+---+---+---+
| 8 | 5 | 3 | 1 | 6 | 9 | 2 | 7 | 4 |
+---+---+---+---+---+---+---+---+---+
| 1 | 2 | 4 | 8 | 7 | 3 | 6 | 5 | 9 |
+---+---+---+---+---+---+---+---+---+
| 7 | 3 | 5 | 9 | 8 | 2 | 1 | 4 | 6 |
+---+---+---+---+---+---+---+---+---+
| 9 | 4 | 8 | 7 | 1 | 6 | 5 | 3 | 2 |
+---+---+---+---+---+---+---+---+---+
| 2 | 6 | 1 | 4 | 3 | 5 | 8 | 9 | 7 |
+---+---+---+---+---+---+---+---+---+

Id: 60f8c7f1489d
Difficulty: 2.0
