+---+---+---+---+---+---+---+---+---+
| 5 | 6 | 9 | 8 | 2 | 3 | 4 | 7 | 1 |
+---+---+---+---+---+---+---+---+---+
| 2 | 7 | 1 | 5 | 4 | 6 | 8 | 3 | 9 |
+---+---+---+---+---+---+---+---+---+
| 8 | 4 | 3 | 7 | 9 | 1 | 2 | 6 | 5 |
+---+---+---+---+---+---+---+---+---+
| 7 | 8 | 5 | 1 | 3 | 4 | 9 | 2 | 6 |
+---+---+---+---+---+---+---+---+---+
| 9 | 2 | 4 | 6 | 5 | 8 | 3 | 1 | 7 |
+---+---+---+---+---+---+---+---+---+
| 1 | 3 | 6 | 9 | 7 | 2 | 5 | 4 | 8 |
+---+---+---+---+---+---+---+---+---+
| 4 | 1 | 8 | 2 | 6 | 5 | 7 | 9 | 3 |
+---+---+---+---+---+---+---+---+---+
| 6 | 9 | 2 | 3 | 8 | 7 | 1 | 5 | 4 |
+---+---+---+---+---+---+---+---+---+
| 3 | 5 | 7 | 4 | 1 | 9 | 6 | 8 | 2 |
+---+---+---+---+---+---+---+---+---+

Id: cdcc1be31138
Difficulty: 2.0
