+---+---+---+---+---+---+---+---+---+
| 4 | 9 | 7 | 3 | 6 | 2 | 8 | 5 | 1 |
+---+---+---+---+---+---+---+---+---+
| 3 | 8 | 5 | 1 | 9 | 7 | 6 | 4 | 2 |
+---+---+---+---+---+---+---+---+---+
| 6 | 1 | 2 | 8 | 5 | 4 | 9 | 3 | 7 |
+---+---+---+---+---+---+---+---+---+
| 5 | 7 | 3 | 9 | 1 | 6 | 4 | 2 | 8 |
+---+---+---+---+---+---+---+---+---+
| 8 | 6 | 4 | 2 | 7 | 3 | 1 | 9 | 5 |
+---+---+---+---+---+---+---+---+---+
| 9 | 2 | 1 | 4 | 8 | 5 | 3 | 7 | 6 |
+---+---+---+---+---+---+---+---+---+
| 1 | 3 | 6 | 7 | 2 | 9 | 5 | 8 | 4 |
+---+---+---+---+---+---+---+---+---+
| 7 | 5 | 9 | 6 | 4 | 8 | 2 | 1 | 3 |
+---+---+---+---+---+---+---+---+---+
| 2 | 4 | 8 | 5 | 3 | 1 | 7 | 6 | 9 |
+---+---+---+---+---+---+---+---+---+

Id: 4843a7add93b
Difficulty: 2.0
