+---+---+---+---+---+---+---+---+---+
| 1 | 8 | 2 | 5 | 6 | 3 | 4 | 7 | 9 |
+---+---+---+---+---+---+---+---+---+
| 9 | 5 | 3 | 4 | 7 | 2 | 6 | 8 | 1 |
+---+---+---+---+---+---+---+---+---+
| 4 | 7 | 6 | 8 | 1 | 9 | 2 | 3 | 5 |
+---+---+---+---+---+---+---+---+---+
| 3 | 6 | 8 | 1 | 2 | 4 | 9 | 5 | 7 |
+---+---+---+---+---+---+---+---+---+
| 7 | 9 | 5 | 6 | 3 | 8 | 1 | 2 | 4 |
+---+---+---+---+---+---+---+---+---+
| 2 | 4 | 1 | 7 | 9 | 5 | 3 | 6 | 8 |
+---+---+---+---+---+---+---+---+---+
| 8 | 3 | 4 | 9 | 5 | 6 | 7 | 1 | 2 |
+---+---+---+---+---+---+---+---+---+
| 6 | 1 | 9 | 2 | 8 | 7 | 5 | 4 | 3 |
+---+---+---+---+---+---+---+---+---+
| 5 | 2 | 7 | 3 | 4 | 1 | 8 | 9 | 6 |
+---+---+---+---+---+---+---+---+---+

Id: f94b3ace22f1
Difficulty: 2.0
