+---+---+---+---+---+---+---+---+---+
| 7 | 3 | 6 | 1 | 2 | 4 | 5 | 9 | 8 |
+---+---+---+---+---+---+---+---+---+
| 5 | 4 | 8 | 3 | 7 | 9 | 2 | 6 | 1 |
+---+---+---+---+---+---+---+---+---+
| 2 | 9 | 1 | 6 | 5 | 8 | 7 | 3 | 4 |
+---+---+---+---+---+---+---+---+---+
| 1 | 5 | 7 | 2 | 9 | 6 | 8 | 4 | 3 |
+---+---+---+---+---+---+---+---+---+
| 9 | 2 | 4 | 8 | 3 | 1 | 6 | 5 | 7 |
+---+---+---+---+---+---+---+---+---+
| 6 | 8 | 3 | 7 | 4 | 5 | 9 | 1 | 2 |
+---+---+---+---+---+---+---+---+---+
| 8 | 6 | 2 | 5 | 1 | 3 | 4 | 7 | 9 |
+---+---+---+---+---+---+---+---+---+
| 4 | 1 | 5 | 9 | 8 | 7 | 3 | 2 | 6 |
+---+---+---+---+---+---+---+---+---+
| 3 | 7 | 9 | 4 | 6 | 2 | 1 | 8 | 5 |
+---+---+---+---+---+---+---+---+---+

Id: 9d90ff468a86
Difficulty: 2.0
