+---+---+---+---+---+---+---+---+---+
| 6 | 9 | 5 | 2 | 7 | 8 | 3 | 1 | 4 |
+---+---+---+---+---+---+---+---+---+
| 7 | 8 | 1 | 3 | 4 | 5 | 2 | 6 | 9 |
+---+---+---+---+---+---+---+---+---+
| 3 | 2 | 4 | 6 | 1 | 9 | 8 | 7 | 5 |
+---+---+---+---+---+---+---+---+---+
| 2 | 5 | 7 | 1 | 9 | 3 | 4 | 8 | 6 |
+---+---+---+---+---+---+---+---+---+
| 9 | 1 | 3 | 4 | 8 | 6 | 7 | 5 | 2 |
+---+---+---+---+---+---+---+---+---+
| 8 | 4 | 6 | 7 | 5 | 2 | 9 | 3 | 1 |
+---+---+---+---+---+---+---+---+---+
| 4 | 7 | 8 | 5 | 2 | 1 | 6 | 9 | 3 |
+---+---+---+---+---+---+---+---+---+
| 5 | 3 | 9 | 8 | 6 | 4 | 1 | 2 | 7 |
+---+---+---+---+---+---+---+---+---+
| 1 | 6 | 2 | 9 | 3 | 7 | 5 | 4 | 8 |
+---+---+---+---+---+---+---+---+---+

Id: ffaeeb9d8c2b
Difficulty: 2.0
