+---+---+---+---+---+---+---+---+---+
| 9 | 3 | 6 | 7 | 1 | 4 | 8 | 2 | 5 |
+---+---+---+---+---+---+---+---+---+
| 8 | 5 | 1 | 6 | 9 | 2 | 7 | 3 | 4 |
+---+---+---+---+---+---+---+---+---+
| 2 | 7 | 4 | 8 | 3 | 5 | 6 | 9 | 1 |
+---+---+---+---+---+---+---+---+---+
| 7 | 4 | 3 | 9 | 5 | 8 | 2 | 1 | 6 |
+---+---+---+---+---+---+---+---+---+
| 6 | 1 | 9 | 2 | 7 | 3 | 5 | 4 | 8 |
+---+---+---+---+---+---+---+---+---+
| 5 | 8 | 2 | 1 | 4 | 6 | 3 | 7 | 9 |
+---+---+---+---+---+---+---+---+---+
| 3 | 2 | 8 | 4 | 6 | 9 | 1 | 5 | 7 |
+---+---+---+---+---+---+---+---+---+
| 4 | 6 | 7 | 5 | 2 | 1 | 9 | 8 | 3 |
+---+---+---+---+---+---+---+---+---+
| 1 | 9 | 5 | 3 | 8 | 7 | 4 | 6 | 2 |
+---+---+---+---+---+---+---+---+---+

Id: 1237f8dce0a6
Difficulty: 2.0
