+---+---+---+---+---+---+---+---+---+
| 5 | 1 | 8 | 6 | 3 | 7 | 9 | 2 | 4 |
+---+---+---+---+---+---+---+---+---+
| 4 | 7 | 6 | 9 | 8 | 2 | 5 | 3 | 1 |
+---+---+---+---+---+---+---+---+---+
| 3 | 2 | 9 | 1 | 5 | 4 | 6 | 7 | 8 |
+---+---+---+---+---+---+---+---+---+
| 2 | 5 | 4 | 8 | 7 | 3 | 1 | 6 | 9 |
+---+---+---+---+---+---+---+---+---+
| 8 | 9 | 3 | 5 | 1 | 6 | 2 | 4 | 7 |
+---+---+---+---+---+---+---+---+---+
| 7 | 6 | 1 | 4 | 2 | 9 | 8 | 5 | 3 |
+---+---+---+---+---+---+---+---+---+
| 6 | 3 | 5 | 7 | 9 | 1 | 4 | 8 | 2 |
+---+---+---+---+---+---+---+---+---+
| 1 | 4 | 7 | 2 | 6 | 8 | 3 | 9 | 5 |
+---+---+---+---+---+---+---+---+---+
| 9 | 8 | 2 | 3 | 4 | 5 | 7 | 1 | 6 |
+---+---+---+---+---+---+---+---+---+

Id: 6b4845ca6e70
Difficulty: 2.0
