+---+---+---+---+---+---+---+---+---+
| 6 | 1 | 7 | 8 | 9 | 5 | 2 | 4 | 3 |
+---+---+---+---+---+---+---+---+---+
| 9 | 3 | 5 | 4 | 6 | 2 | 1 | 8 | 7 |
+---+---+---+---+---+---+---+---+---+
| 8 | 4 | 2 | 7 | 3 | 1 | 6 | 9 | 5 |
+---+---+---+---+---+---+---+---+---+
| 3 | 7 | 9 | 2 | 8 | 6 | 5 | 1 | 4 |
+---+---+---+---+---+---+---+---+---+
| 4 | 5 | 6 | 3 | 1 | 7 | 9 | 2 | 8 |
+---+---+---+---+---+---+---+---+---+
| 2 | 8 | 1 | 9 | 5 | 4 | 7 | 3 | 6 |
+---+---+---+---+---+---+---+---+---+
| 7 | 6 | 8 | 1 | 4 | 9 | 3 | 5 | 2 |
+---+---+---+---+---+---+---+---+---+
| 5 | 9 | 3 | 6 | 2 | 8 | 4 | 7 | 1 |
+---+---+---+---+---+---+---+---+---+
| 1 | 2 | 4 | 5 | 7 | 3 | 8 | 6 | 9 |
+---+---+---+---+---+---+---+---+---+

Id: f7d6d53ced17
Difficulty: 2.0
