+---+---+---+---+---+---+---+---+---+
| 9 | 1 | 8 | 4 | 6 | 5 | 7 | 2 | 3 |
+---+---+---+---+---+---+---+---+---+
| 6 | 7 | 3 | 1 | 9 | 2 | 4 | 8 | 5 |
+---+---+---+---+---+---+---+---+---+
| 5 | 2 | 4 | 3 | 7 | 8 | 9 | 1 | 6 |
+---+---+---+---+---+---+---+---+---+
| 8 | 4 | 7 | 5 | 1 | 3 | 6 | 9 | 2 |
+---+---+---+---+---+---+---+---+---+
| 1 | 3 | 6 | 9 | 2 | 4 | 8 | 5 | 7 |
+---+---+---+---+---+---+---+---+---+
| 2 | 9 | 5 | 6 | 8 | 7 | 1 | 3 | 4 |
+---+---+---+---+---+---+---+---+---+
| 7 | 8 | 9 | 2 | 5 | 6 | 3 | 4 | 1 |
+---+---+---+---+---+---+---+---+---+
| 4 | 5 | 1 | 7 | 3 | 9 | 2 | 6 | 8 |
+---+---+---+---+---+---+---+---+---+
| 3 | 6 | 2 | 8 | 4 | 1 | 5 | 7 | 9 |
+---+---+---+---+---+---+---+---+---+

Id: 56451f1d29f2
Difficulty: 2.0
