+---+---+---+---+---+---+---+---+---+
| 1 | 6 | 4 | 7 | 5 | 3 | 8 | 2 | 9 |
+---+---+---+---+---+---+---+---+---+
| 7 | 8 | 2 | 4 | 1 | 9 | 3 | 6 | 5 |
+---+---+---+---+---+---+---+---+---+
| 5 | 9 | 3 | 6 | 8 | 2 | 4 | 1 | 7 |
+---+---+---+---+---+---+---+---+---+
| 9 | 7 | 8 | 1 | 4 | 5 | 2 | 3 | 6 |
+---+---+---+---+---+---+---+---+---+
| 3 | 1 | 6 | 9 | 2 | 7 | 5 | 8 | 4 |
+---+---+---+---+---+---+---+---+---+
| 2 | 4 | 5 | 3 | 6 | 8 | 7 | 9 | 1 |
+---+---+---+---+---+---+---+---+---+
| 4 | 5 | 9 | 2 | 3 | 1 | 6 | 7 | 8 |
+---+---+---+---+---+---+---+---+---+
| 6 | 2 | 1 | 8 | 7 | 4 | 9 | 5 | 3 |
+---+---+---+---+---+---+---+---+---+
| 8 | 3 | 7 | 5 | 9 | 6 | 1 | 4 | 2 |
+---+---+---+---+---+---+---+---+---+

Id: 1e0b00043168
Difficulty: 2.0
