+---+---+---+---+---+---+---+---+---+
| 5 | 1 | 9 | 2 | 7 | 6 | 3 | 8 | 4 |
+---+---+---+---+---+---+---+---+---+
| 6 | 7 | 2 | 4 | 8 | 3 | 9 | 1 | 5 |
+---+---+---+---+---+---+---+---+---+
| 8 | 4 | 3 | 9 | 5 | 1 | 7 | 2 | 6 |
+---+---+---+---+---+---+---+---+---+
| 4 | 9 | 1 | 8 | 2 | 5 | 6 | 7 | 3 |
+---+---+---+---+---+---+---+---+---+
| 3 | 6 | 8 | 1 | 4 | 7 | 2 | 5 | 9 |
+---+---+---+---+---+---+---+---+---+
| 7 | 2 | 5 | 3 | 6 | 9 | 1 | 4 | 8 |
+---+---+---+---+---+---+---+---+---+
| 9 | 8 | 4 | 6 | 1 | 2 | 5 | 3 | 7 |
+---+---+---+---+---+---+---+---+---+
| 2 | 3 | 7 | 5 | 9 | 8 | 4 | 6 | 1 |
+---+---+---+---+---+---+---+---+---+
| 1 | 5 | 6 | 7 | 3 | 4 | 8 | 9 | 2 |
+---+---+---+---+---+---+---+---+---+

Id: e9de85da9e88
Difficulty: 2.0
