+---+---+---+---+---+---+---+---+---+
| 1 | 5 | 2 | 8 | 9 | 4 | 7 | 3 | 6 |
+---+---+---+---+---+---+---+---+---+
| 3 | 6 | 4 | 7 | 5 | 1 | 9 | 2 | 8 |
+---+---+---+---+---+---+---+---+---+
| 8 | 9 | 7 | 6 | 2 | 3 | 1 | 4 | 5 |
+---+---+---+---+---+---+---+---+---+
| 2 | 3 | 8 | 5 | 7 | 6 | 4 | 1 | 9 |
+---+---+---+---+---+---+---+---+---+
| 5 | 7 | 1 | 2 | 4 | 9 | 8 | 6 | 3 |
+---+---+---+---+---+---+---+---+---+
| 9 | 4 | 6 | 1 | 3 | 8 | 5 | 7 | 2 |
+---+---+---+---+---+---+---+---+---+
| 6 | 8 | 5 | 3 | 1 | 7 | 2 | 9 | 4 |
+---+---+---+---+---+---+---+---+---+
| 4 | 1 | 3 | 9 | 8 | 2 | 6 | 5 | 7 |
+---+---+---+---+---+---+---+---+---+
| 7 | 2 | 9 | 4 | 6 | 5 | 3 | 8 | 1 |
+---+---+---+---+---+---+---+---+---+

Id: bafe6b12ccdd
Difficulty: 2.0
