+---+---+---+---+---+---+---+---+---+
| 8 | 1 | 2 | 6 | 7 | 3 | 5 | 4 | 9 |
+---+---+---+---+---+---+---+---+---+
| 5 | 9 | 3 | 4 | 1 | 2 | 8 | 7 | 6 |
+---+---+---+---+---+---+---+---+---+
| 7 | 4 | 6 | 5 | 8 | 9 | 3 | 2 | 1 |
+---+---+---+---+---+---+---+---+---+
| 2 | 6 | 4 | 8 | 3 | 1 | 7 | 9 | 5 |
+---+---+---+---+---+---+---+---+---+
| 3 | 8 | 1 | 7 | 9 | 5 | 4 | 6 | 2 |
+---+---+---+---+---+---+---+---+---+
| 9 | 7 | 5 | 2 | 6 | 4 | 1 | 8 | 3 |
+---+---+---+---+---+---+---+---+---+
| 4 | 3 | 8 | 1 | 2 | 6 | 9 | 5 | 7 |
+---+---+---+---+---+---+---+---+---+
| 6 | 5 | 9 | 3 | 4 | 7 | 2 | 1 | 8 |
+---+---+---+---+---+---+---+---+---+
| 1 | 2 | 7 | 9 | 5 | 8 | 6 | 3 | 4 |
+---+---+---+---+---+---+---+---+---+

Id: be9f944ef70c
Difficulty: 2.0
