+---+---+---+---+---+---+---+---+---+
| 5 | 3 | 9 | 1 | 2 | 8 | 7 | 6 | 4 |
+---+---+---+---+---+---+---+---+---+
| 2 | 8 | 7 | 5 | 6 | 4 | 1 | 9 | 3 |
+---+---+---+---+---+---+---+---+---+
| 1 | 4 | 6 | 7 | 3 | 9 | 5 | 8 | 2 |
+---+---+---+---+---+---+---+---+---+
| 6 | 2 | 5 | 3 | 4 | 1 | 9 | 7 | 8 |
+---+---+---+---+---+---+---+---+---+
| 3 | 7 | 8 | 6 | 9 | 5 | 2 | 4 | 1 |
+---+---+---+---+---+---+---+---+---+
| 9 | 1 | 4 | 8 | 7 | 2 | 6 | 3 | 5 |
+---+---+---+---+---+---+---+---+---+
| 7 | 5 | 1 | 4 | 8 | 6 | 3 | 2 | 9 |
+---+---+---+---+---+---+---+---+---+
| 8 | 9 | 3 | 2 | 5 | 7 | 4 | 1 | 6 |
+---+---+---+---+---+---+---+---+---+
| 4 | 6 | 2 | 9 | 1 | 3 | 8 | 5 | 7 |
+---+---+---+---+---+---+---+---+---+

Id: c53b409d1fd7
Difficulty: 2.3
