+---+---+---+---+---+---+---+---+---+
| 3 | 9 | 8 | 7 | 6 | 4 | 2 | 5 | 1 |
+---+---+---+---+---+---+---+---+---+
| 7 | 6 | 1 | 5 | 2 | 3 | 4 | 8 | 9 |
+---+---+---+---+---+---+---+---+---+
| 4 | 2 | 5 | 8 | 9 | 1 | 7 | 6 | 3 |
+---+---+---+---+---+---+---+---+---+
| 1 | 4 | 6 | 9 | 5 | 8 | 3 | 2 | 7 |
+---+---+---+---+---+---+---+---+---+
| 5 | 3 | 7 | 6 | 1 | 2 | 9 | 4 | 8 |
+---+---+---+---+---+---+---+---+---+
| 9 | 8 | 2 | 3 | 4 | 7 | 6 | 1 | 5 |
+---+---+---+---+---+---+---+---+---+
| 2 | 5 | 3 | 4 | 8 | 9 | 1 | 7 | 6 |
+---+---+---+---+---+---+---+---+---+
| 8 | 7 | 4 | 1 | 3 | 6 | 5 | 9 | 2 |
+---+---+---+---+---+---+---+---+---+
| 6 | 1 | 9 | 2 | 7 | 5 | 8 | 3 | 4 |
+---+---+---+---+---+---+---+---+---+

Id: bfb9a5c6f660
Difficulty: 2.3
