+---+---+---+---+---+---+---+---+---+
| 7 | 4 | 5 | 9 | 2 | 6 | 1 | 3 | 8 |
+---+---+---+---+---+---+---+---+---+
| 1 | 6 | 2 | 8 | 5 | 3 | 4 | 9 | 7 |
+---+---+---+---+---+---+---+---+---+
| 9 | 8 | 3 | 4 | 1 | 7 | 5 | 2 | 6 |
+---+---+---+---+---+---+---+---+---+
| 6 | 9 | 4 | 1 | 3 | 2 | 7 | 8 | 5 |
+---+---+---+---+---+---+---+---+---+
| 5 | 2 | 1 | 7 | 9 | 8 | 6 | 4 | 3 |
+---+---+---+---+---+---+---+---+---+
| 8 | 3 | 7 | 6 | 4 | 5 | 2 | 1 | 9 |
+---+---+---+---+---+---+---+---+---+
| 2 | 7 | 6 | 3 | 8 | 1 | 9 | 5 | 4 |
+---+---+---+---+---+---+---+---+---+
| 4 | 1 | 8 | 5 | 6 | 9 | 3 | 7 | 2 |
+---+---+---+---+---+---+---+---+---+
| 3 | 5 | 9 | 2 | 7 | 4 | 8 | 6 | 1 |
+---+---+---+---+---+---+---+---+---+

Id: 35175f517292
Difficulty: 2.3
