+---+---+---+---+---+---+---+---+---+
| 1 | 7 | 3 | 2 | 8 | 5 | 6 | 9 | 4 |
+---+---+---+---+---+---+---+---+---+
| 5 | 8 | 2 | 6 | 9 | 4 | 3 | 7 | 1 |
+---+---+---+---+---+---+---+---+---+
| 9 | 6 | 4 | 7 | 3 | 1 | 2 | 8 | 5 |
+---+---+---+---+---+---+---+---+---+
| 3 | 5 | 6 | 4 | 2 | 9 | 7 | 1 | 8 |
+---+---+---+---+---+---+---+---+---+
| 4 | 1 | 7 | 8 | 5 | 6 | 9 | 3 | 2 |
+---+---+---+---+---+---+---+---+---+
| 2 | 9 | 8 | 1 | 7 | 3 | 5 | 4 | 6 |
+---+---+---+---+---+---+---+---+---+
| 8 | 2 | 9 | 5 | 4 | 7 | 1 | 6 | 3 |
+---+---+---+---+---+---+---+---+---+
| 6 | 3 | 5 | 9 | 1 | 8 | 4 | 2 | 7 |
+---+---+---+---+---+---+---+---+---+
| 7 | 4 | 1 | 3 | 6 | 2 | 8 | 5 | 9 |
+---+---+---+---+---+---+---+---+---+

Id: efd483e8a0d8
Difficulty: 2.3
