+---+---+---+---+---+---+---+---+---+
| 5 | 1 | 9 | 2 | 8 | 3 | 4 | 6 | 7 |
+---+---+---+---+---+---+---+---+---+
| 7 | 4 | 2 | 1 | 6 | 9 | 3 | 5 | 8 |
+---+---+---+---+---+---+---+---+---+
| 3 | 6 | 8 | 4 | 7 | 5 | 9 | 2 | 1 |
+---+---+---+---+---+---+---+---+---+
| 4 | 9 | 5 | 8 | 2 | 7 | 1 | 3 | 6 |
+---+---+---+---+---+---+---+---+---+
| 6 | 8 | 7 | 9 | 3 | 1 | 2 | 4 | 5 |
+---+---+---+---+---+---+---+---+---+
| 1 | 2 | 3 | 5 | 4 | 6 | 8 | 7 | 9 |
+---+---+---+---+---+---+---+---+---+
| 2 | 7 | 1 | 3 | 5 | 8 | 6 | 9 | 4 |
+---+---+---+---+---+---+---+---+---+
| 9 | 3 | 6 | 7 | 1 | 4 | 5 | 8 | 2 |
+---+---+---+---+---+---+---+---+---+
| 8 | 5 | 4 | 6 | 9 | 2 | 7 | 1 | 3 |
+---+---+---+---+---+---+---+---+---+

Id: 8281db391199
Difficulty: 2.3
