+---+---+---+---+---+---+---+---+---+
| 3 | 5 | 2 | 9 | 4 | 7 | 1 | 6 | 8 |
+---+---+---+---+---+---+---+---+---+
| 8 | 9 | 1 | 5 | 6 | 3 | 7 | 2 | 4 |
+---+---+---+---+---+---+---+---+---+
| 4 | 7 | 6 | 2 | 1 | 8 | 3 | 9 | 5 |
+---+---+---+---+---+---+---+---+---+
| 6 | 1 | 8 | 4 | 9 | 2 | 5 | 7 | 3 |
+---+---+---+---+---+---+---+---+---+
| 9 | 4 | 3 | 7 | 8 | 5 | 2 | 1 | 6 |
+---+---+---+---+---+---+---+---+---+
| 5 | 2 | 7 | 6 | 3 | 1 | 8 | 4 | 9 |
+---+---+---+---+---+---+---+---+---+
| 7 | 3 | 4 | 1 | 5 | 6 | 9 | 8 | 2 |
+---+---+---+---+---+---+---+---+---+
| 1 | 6 | 5 | 8 | 2 | 9 | 4 | 3 | 7 |
+---+---+---+---+---+---+---+---+---+
| 2 | 8 | 9 | 3 | 7 | 4 | 6 | 5 | 1 |
+---+---+---+---+---+---+---+---+---+

Id: ff94d61a240f
Difficulty: 2.3
