+---+---+---+---+---+---+---+---+---+
| 9 | 5 | 7 | 2 | 6 | 3 | 4 | 1 | 8 |
+---+---+---+---+---+---+---+---+---+
| 8 | 4 | 2 | 7 | 1 | 5 | 9 | 6 | 3 |
+---+---+---+---+---+---+---+---+---+
| 1 | 3 | 6 | 8 | 4 | 9 | 5 | 2 | 7 |
+---+---+---+---+---+---+---+---+---+
| 5 | 1 | 4 | 9 | 2 | 7 | 3 | 8 | 6 |
+---+---+---+---+---+---+---+---+---+
| 2 | 7 | 9 | 3 | 8 | 6 | 1 | 4 | 5 |
+---+---+---+---+---+---+---+---+---+
| 6 | 8 | 3 | 1 | 5 | 4 | 2 | 7 | 9 |
+---+---+---+---+---+---+---+---+---+
| 3 | 9 | 8 | 4 | 7 | 1 | 6 | 5 | 2 |
+---+---+---+---+---+---+---+---+---+
| 7 | 6 | 1 | 5 | 9 | 2 | 8 | 3 | 4 |
+---+---+---+---+---+---+---+---+---+
| 4 | 2 | 5 | 6 | 3 | 8 | 7 | 9 | 1 |
+---+---+---+---+---+---+---+---+---+

Id: 34b0c0350709
Difficulty: 2.3
