+---+---+---+---+---+---+---+---+---+
| 2 | 1 | 3 | 6 | 7 | 8 | 4 | 5 | 9 |
+---+---+---+---+---+---+---+---+---+
| 7 | 8 | 6 | 9 | 4 | 5 | 1 | 3 | 2 |
+---+---+---+---+---+---+---+---+---+
| 5 | 9 | 4 | 1 | 2 | 3 | 6 | 8 | 7 |
+---+---+---+---+---+---+---+---+---+
| 6 | 4 | 7 | 3 | 5 | 9 | 8 | 2 | 1 |
+---+---+---+---+---+---+---+---+---+
| 9 | 5 | 1 | 2 | 8 | 7 | 3 | 4 | 6 |
+---+---+---+---+---+---+---+---+---+
| 3 | 2 | 8 | 4 | 6 | 1 | 7 | 9 | 5 |
+---+---+---+---+---+---+---+---+---+
| 4 | 6 | 5 | 7 | 3 | 2 | 9 | 1 | 8 |
+---+---+---+---+---+---+---+---+---+
| 8 | 3 | 9 | 5 | 1 | 6 | 2 | 7 | 4 |
+---+---+---+---+---+---+---+---+---+
| 1 | 7 | 2 | 8 | 9 | 4 | 5 | 6 | 3 |
+---+---+---+---+---+---+---+---+---+

Id: 4a80b22cab01
Difficulty: 2.3
