+---+---+---+---+---+---+---+---+---+
| 2 | 9 | 6 | 4 | 3 | 1 | 7 | 5 | 8 |
+---+---+---+---+---+---+---+---+---+
| 8 | 1 | 7 | 5 | 6 | 9 | 2 | 4 | 3 |
+---+---+---+---+---+---+---+---+---+
| 4 | 3 | 5 | 7 | 8 | 2 | 6 | 9 | 1 |
+---+---+---+---+---+---+---+---+---+
| 6 | 8 | 2 | 3 | 5 | 7 | 9 | 1 | 4 |
+---+---+---+---+---+---+---+---+---+
| 5 | 4 | 3 | 1 | 9 | 6 | 8 | 2 | 7 |
+---+---+---+---+---+---+---+---+---+
| 9 | 7 | 1 | 2 | 4 | 8 | 5 | 3 | 6 |
+---+---+---+---+---+---+---+---+---+
| 1 | 5 | 8 | 9 | 7 | 3 | 4 | 6 | 2 |
+---+---+---+---+---+---+---+---+---+
| 7 | 2 | 4 | 6 | 1 | 5 | 3 | 8 | 9 |
+---+---+---+---+---+---+---+---+---+
| 3 | 6 | 9 | 8 | 2 | 4 | 1 | 7 | 5 |
+---+---+---+---+---+---+---+---+---+

Id: 7af81a1a75a3
Difficulty: 2.3
