+---+---+---+---+---+---+---+---+---+
| 4 | 3 | 7 | 1 | 8 | 5 | 6 | 9 | 2 |
+---+---+---+---+---+---+---+---+---+
| 9 | 5 | 1 | 3 | 2 | 6 | 4 | 8 | 7 |
+---+---+---+---+---+---+---+---+---+
| 8 | 6 | 2 | 4 | 7 | 9 | 5 | 3 | 1 |
+---+---+---+---+---+---+---+---+---+
| 2 | 1 | 3 | 5 | 9 | 4 | 7 | 6 | 8 |
+---+---+---+---+---+---+---+---+---+
| 6 | 4 | 8 | 7 | 3 | 2 | 1 | 5 | 9 |
+---+---+---+---+---+---+---+---+---+
| 5 | 7 | 9 | 8 | 6 | 1 | 3 | 2 | 4 |
+---+---+---+---+---+---+---+---+---+
| 3 | 9 | 4 | 2 | 5 | 7 | 8 | 1 | 6 |
+---+---+---+---+---+---+---+---+---+
| 1 | 8 | 6 | 9 | 4 | 3 | 2 | 7 | 5 |
+---+---+---+---+---+---+---+---+---+
| 7 | 2 | 5 | 6 | 1 | 8 | 9 | 4 | 3 |
+---+---+---+---+---+---+---+---+---+

Id: c9324d49d704
Difficulty: 2.5
