+---+---+---+---+---+---+---+---+---+
| 3 | 2 | 5 | 8 | 1 | 6 | 7 | 9 | 4 |
+---+---+---+---+---+---+---+---+---+
| 6 | 8 | 4 | 9 | 5 | 7 | 1 | 3 | 2 |
+---+---+---+---+---+---+---+---+---+
| 9 | 7 | 1 | 2 | 3 | 4 | 6 | 8 | 5 |
+---+---+---+---+---+---+---+---+---+
| 5 | 4 | 6 | 7 | 9 | 1 | 3 | 2 | 8 |
+---+---+---+---+---+---+---+---+---+
| 2 | 1 | 8 | 6 | 4 | 3 | 5 | 7 | 9 |
+---+---+---+---+---+---+---+---+---+
| 7 | 3 | 9 | 5 | 8 | 2 | 4 | 1 | 6 |
+---+---+---+---+---+---+---+---+---+
| 1 | 9 | 2 | 3 | 6 | 5 | 8 | 4 | 7 |
+---+---+---+---+---+---+---+---+---+
| 4 | 5 | 7 | 1 | 2 | 8 | 9 | 6 | 3 |
+---+---+---+---+---+---+---+---+---+
| 8 | 6 | 3 | 4 | 7 | 9 | 2 | 5 | 1 |
+---+---+---+---+---+---+---+---+---+

Id: fcee2bc6b3e2
Difficulty: 2.5
