+---+---+---+---+---+---+---+---+---+
| 8 | 3 | 2 | 5 | 1 | 9 | 7 | 6 | 4 |
+---+---+---+---+---+---+---+---+---+
| 1 | 4 | 5 | 7 | 6 | 2 | 3 | 8 | 9 |
+---+---+---+---+---+---+---+---+---+
| 7 | 9 | 6 | 8 | 4 | 3 | 1 | 5 | 2 |
+---+---+---+---+---+---+---+---+---+
| 9 | 7 | 1 | 6 | 2 | 5 | 8 | 4 | 3 |
+---+---+---+---+---+---+---+---+---+
| 6 | 2 | 3 | 9 | 8 | 4 | 5 | 7 | 1 |
+---+---+---+---+---+---+---+---+---+
| 5 | 8 | 4 | 1 | 3 | 7 | 2 | 9 | 6 |
+---+---+---+---+---+---+---+---+---+
| 4 | 1 | 8 | 2 | 5 | 6 | 9 | 3 | 7 |
+---+---+---+---+---+---+---+---+---+
| 2 | 6 | 9 | 3 | 7 | 8 | 4 | 1 | 5 |
+---+---+---+---+---+---+---+---+---+
| 3 | 5 | 7 | 4 | 9 | 1 | 6 | 2 | 8 |
+---+---+---+---+---+---+---+---+---+

Id: 25f99f1d5167
Difficulty: 2.5
