+---+---+---+---+---+---+---+---+---+
| 8 | 9 | 6 | 1 | 5 | 4 | 7 | 3 | 2 |
+---+---+---+---+---+---+---+---+---+
| 3 | 1 | 5 | 7 | 6 | 2 | 8 | 9 | 4 |
+---+---+---+---+---+---+---+---+---+
| 4 | 2 | 7 | 8 | 9 | 3 | 6 | 1 | 5 |
+---+---+---+---+---+---+---+---+---+
| 7 | 4 | 2 | 5 | 1 | 6 | 3 | 8 | 9 |
+---+---+---+---+---+---+---+---+---+
| 9 | 8 | 1 | 3 | 4 | 7 | 2 | 5 | 6 |
+---+---+---+---+---+---+---+---+---+
| 5 | 6 | 3 | 9 | 2 | 8 | 1 | 4 | 7 |
+---+---+---+---+---+---+---+---+---+
| 1 | 7 | 4 | 6 | 3 | 9 | 5 | 2 | 8 |
+---+---+---+---+---+---+---+---+---+
| 6 | 5 | 9 | 2 | 8 | 1 | 4 | 7 | 3 |
+---+---+---+---+---+---+---+---+---+
| 2 | 3 | 8 | 4 | 7 | 5 | 9 | 6 | 1 |
+---+---+---+---+---+---+---+---+---+

Id: 2309a47d773f
Difficulty: 2.5
