+---+---+---+---+---+---+---+---+---+
| 8 | 4 | 2 | 7 | 9 | 1 | 6 | 5 | 3 |
+---+---+---+---+---+---+---+---+---+
| 9 | 1 | 5 | 6 | 2 | 3 | 4 | 8 | 7 |
+---+---+---+---+---+---+---+---+---+
| 3 | 7 | 6 | 4 | 8 | 5 | 1 | 2 | 9 |
+---+---+---+---+---+---+---+---+---+
| 7 | 9 | 4 | 3 | 1 | 2 | 8 | 6 | 5 |
+---+---+---+---+---+---+---+---+---+
| 5 | 2 | 3 | 8 | 6 | 7 | 9 | 1 | 4 |
+---+---+---+---+---+---+---+---+---+
| 1 | 6 | 8 | 5 | 4 | 9 | 3 | 7 | 2 |
+---+---+---+---+---+---+---+---+---+
| 2 | 8 | 1 | 9 | 7 | 4 | 5 | 3 | 6 |
+---+---+---+---+---+---+---+---+---+
| 4 | 3 | 7 | 1 | 5 | 6 | 2 | 9 | 8 |
+---+---+---+---+---+---+---+---+---+
| 6 | 5 | 9 | 2 | 3 | 8 | 7 | 4 | 1 |
+---+---+---+---+---+---+---+---+---+

Id: 6a0f470612e9
Difficulty: 2.6
