+---+---+---+---+---+---+---+---+---+
| 4 | 1 | 8 | 3 | 9 | 7 | 2 | 5 | 6 |
+---+---+---+---+---+---+---+---+---+
| 9 | 2 | 7 | 1 | 6 | 5 | 3 | 8 | 4 |
+---+---+---+---+---+---+---+---+---+
| 3 | 6 | 5 | 8 | 2 | 4 | 7 | 9 | 1 |
+---+---+---+---+---+---+---+---+---+
| 2 | 5 | 9 | 6 | 7 | 8 | 1 | 4 | 3 |
+---+---+---+---+---+---+---+---+---+
| 6 | 4 | 1 | 9 | 5 | 3 | 8 | 2 | 7 |
+---+---+---+---+---+---+---+---+---+
| 7 | 8 | 3 | 4 | 1 | 2 | 5 | 6 | 9 |
+---+---+---+---+---+---+---+---+---+
| 8 | 9 | 6 | 2 | 3 | 1 | 4 | 7 | 5 |
+---+---+---+---+---+---+---+---+---+
| 5 | 3 | 4 | 7 | 8 | 6 | 9 | 1 | 2 |
+---+---+---+---+---+---+---+---+---+
| 1 | 7 | 2 | 5 | 4 | 9 | 6 | 3 | 8 |
+---+---+---+---+---+---+---+---+---+

Id: 0b610244bce6
Difficulty: 2.6
