+---+---+---+---+---+---+---+---+---+
| 5 | 2 | 4 | 1 | 8 | 9 | 3 | 7 | 6 |
+---+---+---+---+---+---+---+---+---+
| 9 | 1 | 7 | 3 | 6 | 2 | 5 | 8 | 4 |
+---+---+---+---+---+---+---+---+---+
| 6 | 8 | 3 | 4 | 5 | 7 | 1 | 9 | 2 |
+---+---+---+---+---+---+---+---+---+
| 2 | 7 | 9 | 5 | 3 | 8 | 4 | 6 | 1 |
+---+---+---+---+---+---+---+---+---+
| 8 | 3 | 6 | 2 | 1 | 4 | 9 | 5 | 7 |
+---+---+---+---+---+---+---+---+---+
| 1 | 4 | 5 | 9 | 7 | 6 | 2 | 3 | 8 |
+---+---+---+---+---+---+---+---+---+
| 7 | 9 | 1 | 6 | 4 | 3 | 8 | 2 | 5 |
+---+---+---+---+---+---+---+---+---+
| 4 | 6 | 2 | 8 | 9 | 5 | 7 | 1 | 3 |
+---+---+---+---+---+---+---+---+---+
| 3 | 5 | 8 | 7 | 2 | 1 | 6 | 4 | 9 |
+---+---+---+---+---+---+---+---+---+

Id: 2ead6915b657
Difficulty: 2.6
