+---+---+---+---+---+---+---+---+---+
| 9 | 3 | 7 | 8 | 5 | 6 | 2 | 1 | 4 |
+---+---+---+---+---+---+---+---+---+
| 4 | 6 | 5 | 2 | 3 | 1 | 9 | 8 | 7 |
+---+---+---+---+---+---+---+---+---+
| 1 | 8 | 2 | 9 | 7 | 4 | 3 | 6 | 5 |
+---+---+---+---+---+---+---+---+---+
| 2 | 9 | 1 | 7 | 6 | 8 | 4 | 5 | 3 |
+---+---+---+---+---+---+---+---+---+
| 8 | 7 | 6 | 5 | 4 | 3 | 1 | 2 | 9 |
+---+---+---+---+---+---+---+---+---+
| 5 | 4 | 3 | 1 | 9 | 2 | 6 | 7 | 8 |
+---+---+---+---+---+---+---+---+---+
| 6 | 2 | 9 | 4 | 8 | 7 | 5 | 3 | 1 |
+---+---+---+---+---+---+---+---+---+
| 7 | 1 | 4 | 3 | 2 | 5 | 8 | 9 | 6 |
+---+---+---+---+---+---+---+---+---+
| 3 | 5 | 8 | 6 | 1 | 9 | 7 | 4 | 2 |
+---+---+---+---+---+---+---+---+---+

Id: eb629b33d4ee
Difficulty: 2.6
