+---+---+---+---+---+---+---+---+---+
| 6 | 4 | 9 | 2 | 8 | 1 | 5 | 7 | 3 |
+---+---+---+---+---+---+---+---+---+
| 1 | 8 | 7 | 5 | 3 | 9 | 4 | 2 | 6 |
+---+---+---+---+---+---+---+---+---+
| 5 | 2 | 3 | 4 | 7 | 6 | 1 | 8 | 9 |
+---+---+---+---+---+---+---+---+---+
| 9 | 7 | 4 | 1 | 6 | 2 | 3 | 5 | 8 |
+---+---+---+---+---+---+---+---+---+
| 3 | 1 | 8 | 9 | 5 | 7 | 6 | 4 | 2 |
+---+---+---+---+---+---+---+---+---+
| 2 | 6 | 5 | 3 | 4 | 8 | 7 | 9 | 1 |
+---+---+---+---+---+---+---+---+---+
| 8 | 9 | 6 | 7 | 1 | 5 | 2 | 3 | 4 |
+---+---+---+---+---+---+---+---+---+
| 7 | 3 | 1 | 8 | 2 | 4 | 9 | 6 | 5 |
+---+---+---+---+---+---+---+---+---+
| 4 | 5 | 2 | 6 | 9 | 3 | 8 | 1 | 7 |
+---+---+---+---+---+---+---+---+---+

Id: a75a621a6a0f
Difficulty: 2.8
