+---+---+---+---+---+---+---+---+---+
| 2 | 7 | 4 | 1 | 5 | 9 | 8 | 6 | 3 |
+---+---+---+---+---+---+---+---+---+
| 8 | 3 | 9 | 7 | 2 | 6 | 5 | 4 | 1 |
+---+---+---+---+---+---+---+---+---+
| 1 | 6 | 5 | 3 | 4 | 8 | 7 | 9 | 2 |
+---+---+---+---+---+---+---+---+---+
| 4 | 1 | 8 | 6 | 7 | 5 | 2 | 3 | 9 |
+---+---+---+---+---+---+---+---+---+
| 6 | 5 | 7 | 9 | 3 | 2 | 1 | 8 | 4 |
+---+---+---+---+---+---+---+---+---+
| 3 | 9 | 2 | 8 | 1 | 4 | 6 | 5 | 7 |
+---+---+---+---+---+---+---+---+---+
| 9 | 4 | 6 | 2 | 8 | 1 | 3 | 7 | 5 |
+---+---+---+---+---+---+---+---+---+
| 5 | 2 | 3 | 4 | 6 | 7 | 9 | 1 | 8 |
+---+---+---+---+---+---+---+---+---+
| 7 | 8 | 1 | 5 | 9 | 3 | 4 | 2 | 6 |
+---+---+---+---+---+---+---+---+---+

Id: 9edaa38cb2d7
Difficulty: 2.8
