+---+---+---+---+---+---+---+---+---+
| 1 | 6 | 2 | 9 | 7 | 5 | 4 | 8 | 3 |
+---+---+---+---+---+---+---+---+---+
| 3 | 5 | 9 | 4 | 2 | 8 | 6 | 7 | 1 |
+---+---+---+---+---+---+---+---+---+
| 7 | 8 | 4 | 1 | 6 | 3 | 2 | 9 | 5 |
+---+---+---+---+---+---+---+---+---+
| 4 | 9 | 1 | 2 | 5 | 6 | 7 | 3 | 8 |
+---+---+---+---+---+---+---+---+---+
| 6 | 3 | 7 | 8 | 1 | 4 | 9 | 5 | 2 |
+---+---+---+---+---+---+---+---+---+
| 5 | 2 | 8 | 3 | 9 | 7 | 1 | 4 | 6 |
+---+---+---+---+---+---+---+---+---+
| 8 | 4 | 6 | 7 | 3 | 1 | 5 | 2 | 9 |
+---+---+---+---+---+---+---+---+---+
| 2 | 1 | 3 | 5 | 4 | 9 | 8 | 6 | 7 |
+---+---+---+---+---+---+---+---+---+
| 9 | 7 | 5 | 6 | 8 | 2 | 3 | 1 | 4 |
+---+---+---+---+---+---+---+---+---+

Id: bd38756b3e5d
Difficulty: 2.8
