+---+---+---+---+---+---+---+---+---+
| 3 | 6 | 5 | 4 | 7 | 9 | 1 | 2 | 8 |
+---+---+---+---+---+---+---+---+---+
| 4 | 7 | 9 | 1 | 8 | 2 | 6 | 5 | 3 |
+---+---+---+---+---+---+---+---+---+
| 2 | 8 | 1 | 3 | 5 | 6 | 4 | 9 | 7 |
+---+---+---+---+---+---+---+---+---+
| 8 | 5 | 6 | 7 | 9 | 4 | 3 | 1 | 2 |
+---+---+---+---+---+---+---+---+---+
| 9 | 3 | 2 | 5 | 6 | 1 | 7 | 8 | 4 |
+---+---+---+---+---+---+---+---+---+
| 7 | 1 | 4 | 2 | 3 | 8 | 9 | 6 | 5 |
+---+---+---+---+---+---+---+---+---+
| 1 | 9 | 7 | 8 | 4 | 5 | 2 | 3 | 6 |
+---+---+---+---+---+---+---+---+---+
| 5 | 2 | 3 | 6 | 1 | 7 | 8 | 4 | 9 |
+---+---+---+---+---+---+---+---+---+
| 6 | 4 | 8 | 9 | 2 | 3 | 5 | 7 | 1 |
+---+---+---+---+---+---+---+---+---+

Id: 4d1161e5a3d5
Difficulty: 3.0
