+---+---+---+---+---+---+---+---+---+
| 5 | 2 | 6 | 4 | 7 | 1 | 9 | 8 | 3 |
+---+---+---+---+---+---+---+---+---+
| 7 | 1 | 8 | 2 | 9 | 3 | 6 | 4 | 5 |
+---+---+---+---+---+---+---+---+---+
| 4 | 3 | 9 | 8 | 6 | 5 | 2 | 1 | 7 |
+---+---+---+---+---+---+---+---+---+
| 6 | 9 | 2 | 3 | 1 | 8 | 7 | 5 | 4 |
+---+---+---+---+---+---+---+---+---+
| 3 | 4 | 7 | 6 | 5 | 2 | 1 | 9 | 8 |
+---+---+---+---+---+---+---+---+---+
| 8 | 5 | 1 | 9 | 4 | 7 | 3 | 6 | 2 |
+---+---+---+---+---+---+---+---+---+
| 1 | 8 | 3 | 5 | 2 | 9 | 4 | 7 | 6 |
+---+---+---+---+---+---+---+---+---+
| 2 | 7 | 4 | 1 | 8 | 6 | 5 | 3 | 9 |
+---+---+---+---+---+---+---+---+---+
| 9 | 6 | 5 | 7 | 3 | 4 | 8 | 2 | 1 |
+---+---+---+---+---+---+---+---+---+

Id: 0712e335c4e3
Difficulty: 3.0
