+---+---+---+---+---+---+---+---+---+
| 7 | 5 | 9 | 2 | 1 | 8 | 6 | 3 | 4 |
+---+---+---+---+---+---+---+---+---+
| 8 | 2 | 1 | 4 | 6 | 3 | 7 | 5 | 9 |
+---+---+---+---+---+---+---+---+---+
| 4 | 6 | 3 | 5 | 9 | 7 | 8 | 2 | 1 |
+---+---+---+---+---+---+---+---+---+
| 3 | 7 | 4 | 1 | 8 | 2 | 9 | 6 | 5 |
+---+---+---+---+---+---+---+---+---+
| 2 | 8 | 5 | 6 | 3 | 9 | 4 | 1 | 7 |
+---+---+---+---+---+---+---+---+---+
| 1 | 9 | 6 | 7 | 4 | 5 | 3 | 8 | 2 |
+---+---+---+---+---+---+---+---+---+
| 9 | 1 | 7 | 8 | 2 | 6 | 5 | 4 | 3 |
+---+---+---+---+---+---+---+---+---+
| 5 | 4 | 8 | 3 | 7 | 1 | 2 | 9 | 6 |
+---+---+---+---+---+---+---+---+---+
| 6 | 3 | 2 | 9 | 5 | 4 | 1 | 7 | 8 |
+---+---+---+---+---+---+---+---+---+

Id: a28d66733903
Difficulty: 3.2
