+---+---+---+---+---+---+---+---+---+
| 7 | 9 | 1 | 6 | 2 | 8 | 4 | 5 | 3 |
+---+---+---+---+---+---+---+---+---+
| 2 | 4 | 8 | 1 | 3 | 5 | 6 | 7 | 9 |
+---+---+---+---+---+---+---+---+---+
| 5 | 3 | 6 | 9 | 7 | 4 | 8 | 1 | 2 |
+---+---+---+---+---+---+---+---+---+
| 3 | 1 | 9 | 4 | 8 | 2 | 7 | 6 | 5 |
+---+---+---+---+---+---+---+---+---+
| 6 | 7 | 2 | 5 | 1 | 9 | 3 | 4 | 8 |
+---+---+---+---+---+---+---+---+---+
| 4 | 8 | 5 | 3 | 6 | 7 | 9 | 2 | 1 |
+---+---+---+---+---+---+---+---+---+
| 9 | 6 | 3 | 2 | 4 | 1 | 5 | 8 | 7 |
+---+---+---+---+---+---+---+---+---+
| 8 | 2 | 4 | 7 | 5 | 3 | 1 | 9 | 6 |
+---+---+---+---+---+---+---+---+---+
| 1 | 5 | 7 | 8 | 9 | 6 | 2 | 3 | 4 |
+---+---+---+---+---+---+---+---+---+

Id: 819fe2e1ec76
Difficulty: 3.4
