+---+---+---+---+---+---+---+---+---+
| 9 | 7 | 1 | 8 | 2 | 4 | 3 | 6 | 5 |
+---+---+---+---+---+---+---+---+---+
| 4 | 3 | 5 | 9 | 7 | 6 | 2 | 1 | 8 |
+---+---+---+---+---+---+---+---+---+
| 8 | 6 | 2 | 3 | 5 | 1 | 7 | 9 | 4 |
+---+---+---+---+---+---+---+---+---+
| 6 | 5 | 7 | 1 | 4 | 3 | 8 | 2 | 9 |
+---+---+---+---+---+---+---+---+---+
| 2 | 4 | 9 | 5 | 8 | 7 | 1 | 3 | 6 |
+---+---+---+---+---+---+---+---+---+
| 3 | 1 | 8 | 6 | 9 | 2 | 4 | 5 | 7 |
+---+---+---+---+---+---+---+---+---+
| 5 | 2 | 4 | 7 | 3 | 9 | 6 | 8 | 1 |
+---+---+---+---+---+---+---+---+---+
| 1 | 9 | 3 | 4 | 6 | 8 | 5 | 7 | 2 |
+---+---+---+---+---+---+---+---+---+
| 7 | 8 | 6 | 2 | 1 | 5 | 9 | 4 | 3 |
+---+---+---+---+---+---+---+---+---+

Id: 339b63819b99
Difficulty: 3.4
