+---+---+---+---+---+---+---+---+---+
| 4 | 8 | 3 | 5 | 2 | 6 | 1 | 7 | 9 |
+---+---+---+---+---+---+---+---+---+
| 9 | 5 | 2 | 8 | 1 | 7 | 3 | 4 | 6 |
+---+---+---+---+---+---+---+---+---+
| 1 | 6 | 7 | 4 | 9 | 3 | 5 | 2 | 8 |
+---+---+---+---+---+---+---+---+---+
| 3 | 7 | 5 | 2 | 8 | 9 | 6 | 1 | 4 |
+---+---+---+---+---+---+---+---+---+
| 2 | 4 | 6 | 3 | 5 | 1 | 8 | 9 | 7 |
+---+---+---+---+---+---+---+---+---+
| 8 | 1 | 9 | 6 | 7 | 4 | 2 | 5 | 3 |
+---+---+---+---+---+---+---+---+---+
| 6 | 9 | 8 | 1 | 4 | 5 | 7 | 3 | 2 |
+---+---+---+---+---+---+---+---+---+
| 7 | 3 | 1 | 9 | 6 | 2 | 4 | 8 | 5 |
+---+---+---+---+---+---+---+---+---+
| 5 | 2 | 4 | 7 | 3 | 8 | 9 | 6 | 1 |
+---+---+---+---+---+---+---+---+---+

Id: 2dfc1e864056
Difficulty: 3.4
