+---+---+---+---+---+---+---+---+---+
| 4 | 8 | 5 | 1 | 3 | 6 | 9 | 7 | 2 |
+---+---+---+---+---+---+---+---+---+
| 7 | 2 | 6 | 9 | 4 | 5 | 1 | 8 | 3 |
+---+---+---+---+---+---+---+---+---+
| 9 | 3 | 1 | 2 | 8 | 7 | 6 | 5 | 4 |
+---+---+---+---+---+---+---+---+---+
| 3 | 6 | 4 | 5 | 1 | 8 | 2 | 9 | 7 |
+---+---+---+---+---+---+---+---+---+
| 1 | 5 | 2 | 7 | 9 | 3 | 8 | 4 | 6 |
+---+---+---+---+---+---+---+---+---+
| 8 | 9 | 7 | 4 | 6 | 2 | 3 | 1 | 5 |
+---+---+---+---+---+---+---+---+---+
| 5 | 7 | 8 | 3 | 2 | 1 | 4 | 6 | 9 |
+---+---+---+---+---+---+---+---+---+
| 6 | 4 | 3 | 8 | 5 | 9 | 7 | 2 | 1 |
+---+---+---+---+---+---+---+---+---+
| 2 | 1 | 9 | 6 | 7 | 4 | 5 | 3 | 8 |
+---+---+---+---+---+---+---+---+---+

Id: 4c4dc20cdce0
Difficulty: 3.4
