+---+---+---+---+---+---+---+---+---+
| 3 | 7 | 6 | 8 | 4 | 2 | 1 | 5 | 9 |
+---+---+---+---+---+---+---+---+---+
| 5 | 8 | 4 | 9 | 1 | 6 | 7 | 3 | 2 |
+---+---+---+---+---+---+---+---+---+
| 9 | 2 | 1 | 7 | 5 | 3 | 4 | 8 | 6 |
+---+---+---+---+---+---+---+---+---+
| 8 | 4 | 9 | 3 | 6 | 5 | 2 | 1 | 7 |
+---+---+---+---+---+---+---+---+---+
| 1 | 6 | 3 | 2 | 7 | 8 | 5 | 9 | 4 |
+---+---+---+---+---+---+---+---+---+
| 7 | 5 | 2 | 4 | 9 | 1 | 8 | 6 | 3 |
+---+---+---+---+---+---+---+---+---+
| 6 | 3 | 7 | 5 | 8 | 4 | 9 | 2 | 1 |
+---+---+---+---+---+---+---+---+---+
| 4 | 1 | 5 | 6 | 2 | 9 | 3 | 7 | 8 |
+---+---+---+---+---+---+---+---+---+
| 2 | 9 | 8 | 1 | 3 | 7 | 6 | 4 | 5 |
+---+---+---+---+---+---+---+---+---+

Id: 4e91fc25eefd
Difficulty: 3.4
