+---+---+---+---+---+---+---+---+---+
| 1 | 5 | 4 | 2 | 9 | 8 | 7 | 6 | 3 |
+---+---+---+---+---+---+---+---+---+
| 6 | 9 | 7 | 5 | 3 | 4 | 2 | 8 | 1 |
+---+---+---+---+---+---+---+---+---+
| 3 | 8 | 2 | 7 | 6 | 1 | 5 | 4 | 9 |
+---+---+---+---+---+---+---+---+---+
| 2 | 3 | 5 | 4 | 1 | 6 | 9 | 7 | 8 |
+---+---+---+---+---+---+---+---+---+
| 7 | 1 | 8 | 3 | 2 | 9 | 4 | 5 | 6 |
+---+---+---+---+---+---+---+---+---+
| 9 | 4 | 6 | 8 | 5 | 7 | 3 | 1 | 2 |
+---+---+---+---+---+---+---+---+---+
| 4 | 7 | 9 | 6 | 8 | 3 | 1 | 2 | 5 |
+---+---+---+---+---+---+---+---+---+
| 5 | 6 | 3 | 1 | 4 | 2 | 8 | 9 | 7 |
+---+---+---+---+---+---+---+---+---+
| 8 | 2 | 1 | 9 | 7 | 5 | 6 | 3 | 4 |
+---+---+---+---+---+---+---+---+---+

Id: 771b775060e8
Difficulty: 3.6
