+---+---+---+---+---+---+---+---+---+
| 2 | 9 | 5 | 7 | 1 | 8 | 6 | 3 | 4 |
+---+---+---+---+---+---+---+---+---+
| 7 | 1 | 8 | 4 | 3 | 6 | 2 | 5 | 9 |
+---+---+---+---+---+---+---+---+---+
| 4 | 6 | 3 | 5 | 2 | 9 | 1 | 8 | 7 |
+---+---+---+---+---+---+---+---+---+
| 5 | 2 | 1 | 9 | 4 | 3 | 7 | 6 | 8 |
+---+---+---+---+---+---+---+---+---+
| 9 | 7 | 6 | 1 | 8 | 5 | 3 | 4 | 2 |
+---+---+---+---+---+---+---+---+---+
| 3 | 8 | 4 | 6 | 7 | 2 | 5 | 9 | 1 |
+---+---+---+---+---+---+---+---+---+
| 8 | 3 | 7 | 2 | 5 | 4 | 9 | 1 | 6 |
+---+---+---+---+---+---+---+---+---+
| 1 | 5 | 9 | 8 | 6 | 7 | 4 | 2 | 3 |
+---+---+---+---+---+---+---+---+---+
| 6 | 4 | 2 | 3 | 9 | 1 | 8 | 7 | 5 |
+---+---+---+---+---+---+---+---+---+

Id: d551b265ec29
Difficulty: 3.6
