+---+---+---+---+---+---+---+---+---+
| 7 | 4 | 8 | 5 | 9 | 6 | 3 | 1 | 2 |
+---+---+---+---+---+---+---+---+---+
| 5 | 2 | 9 | 3 | 1 | 7 | 8 | 4 | 6 |
+---+---+---+---+---+---+---+---+---+
| 3 | 6 | 1 | 2 | 8 | 4 | 7 | 5 | 9 |
+---+---+---+---+---+---+---+---+---+
| 6 | 1 | 4 | 7 | 2 | 5 | 9 | 8 | 3 |
+---+---+---+---+---+---+---+---+---+
| 2 | 8 | 5 | 9 | 6 | 3 | 4 | 7 | 1 |
+---+---+---+---+---+---+---+---+---+
| 9 | 3 | 7 | 8 | 4 | 1 | 2 | 6 | 5 |
+---+---+---+---+---+---+---+---+---+
| 8 | 7 | 6 | 1 | 3 | 9 | 5 | 2 | 4 |
+---+---+---+---+---+---+---+---+---+
| 4 | 9 | 2 | 6 | 5 | 8 | 1 | 3 | 7 |
+---+---+---+---+---+---+---+---+---+
| 1 | 5 | 3 | 4 | 7 | 2 | 6 | 9 | 8 |
+---+---+---+---+---+---+---+---+---+

Id: 4a54e8638169
Difficulty: 3.8
