+---+---+---+---+---+---+---+---+---+
| 7 | 3 | 5 | 8 | 1 | 2 | 4 | 6 | 9 |
+---+---+---+---+---+---+---+---+---+
| 9 | 8 | 6 | 4 | 5 | 3 | 1 | 7 | 2 |
+---+---+---+---+---+---+---+---+---+
| 2 | 1 | 4 | 6 | 7 | 9 | 3 | 8 | 5 |
+---+---+---+---+---+---+---+---+---+
| 1 | 2 | 7 | 3 | 8 | 5 | 6 | 9 | 4 |
+---+---+---+---+---+---+---+---+---+
| 6 | 5 | 8 | 2 | 9 | 4 | 7 | 3 | 1 |
+---+---+---+---+---+---+---+---+---+
| 3 | 4 | 9 | 1 | 6 | 7 | 2 | 5 | 8 |
+---+---+---+---+---+---+---+---+---+
| 4 | 9 | 3 | 5 | 2 | 6 | 8 | 1 | 7 |
+---+---+---+---+---+---+---+---+---+
| 5 | 6 | 1 | 7 | 4 | 8 | 9 | 2 | 3 |
+---+---+---+---+---+---+---+---+---+
| 8 | 7 | 2 | 9 | 3 | 1 | 5 | 4 | 6 |
+---+---+---+---+---+---+---+---+---+

Id: c70fa7334db0
Difficulty: 3.8
