+---+---+---+---+---+---+---+---+---+
| 2 | 5 | 7 | 4 | 3 | 1 | 8 | 6 | 9 |
+---+---+---+---+---+---+---+---+---+
| 9 | 6 | 1 | 7 | 2 | 8 | 5 | 3 | 4 |
+---+---+---+---+---+---+---+---+---+
| 8 | 3 | 4 | 6 | 9 | 5 | 7 | 1 | 2 |
+---+---+---+---+---+---+---+---+---+
| 6 | 2 | 3 | 1 | 5 | 4 | 9 | 8 | 7 |
+---+---+---+---+---+---+---+---+---+
| 4 | 9 | 8 | 3 | 7 | 2 | 6 | 5 | 1 |
+---+---+---+---+---+---+---+---+---+
| 7 | 1 | 5 | 8 | 6 | 9 | 4 | 2 | 3 |
+---+---+---+---+---+---+---+---+---+
| 3 | 4 | 9 | 2 | 8 | 6 | 1 | 7 | 5 |
+---+---+---+---+---+---+---+---+---+
| 1 | 8 | 2 | 5 | 4 | 7 | 3 | 9 | 6 |
+---+---+---+---+---+---+---+---+---+
| 5 | 7 | 6 | 9 | 1 | 3 | 2 | 4 | 8 |
+---+---+---+---+---+---+---+---+---+

Id: b3bdf1e79de5
Difficulty: 3.8
