+---+---+---+---+---+---+---+---+---+
| 8 | 4 | 2 | 3 | 6 | 9 | 1 | 5 | 7 |
+---+---+---+---+---+---+---+---+---+
| 5 | 1 | 3 | 7 | 8 | 2 | 9 | 6 | 4 |
+---+---+---+---+---+---+---+---+---+
| 9 | 6 | 7 | 4 | 5 | 1 | 3 | 8 | 2 |
+---+---+---+---+---+---+---+---+---+
| 2 | 3 | 8 | 9 | 4 | 5 | 7 | 1 | 6 |
+---+---+---+---+---+---+---+---+---+
| 1 | 7 | 9 | 8 | 3 | 6 | 2 | 4 | 5 |
+---+---+---+---+---+---+---+---+---+
| 4 | 5 | 6 | 2 | 1 | 7 | 8 | 9 | 3 |
+---+---+---+---+---+---+---+---+---+
| 7 | 2 | 1 | 5 | 9 | 4 | 6 | 3 | 8 |
+---+---+---+---+---+---+---+---+---+
| 3 | 9 | 5 | 6 | 7 | 8 | 4 | 2 | 1 |
+---+---+---+---+---+---+---+---+---+
| 6 | 8 | 4 | 1 | 2 | 3 | 5 | 7 | 9 |
+---+---+---+---+---+---+---+---+---+

Id: 46f6163fe5f7
Difficulty: 3.8
