+---+---+---+---+---+---+---+---+---+
| 3 | 2 | 6 | 9 | 5 | 7 | 1 | 8 | 4 |
+---+---+---+---+---+---+---+---+---+
| 4 | 9 | 8 | 1 | 3 | 2 | 6 | 7 | 5 |
+---+---+---+---+---+---+---+---+---+
| 1 | 7 | 5 | 4 | 6 | 8 | 3 | 9 | 2 |
+---+---+---+---+---+---+---+---+---+
| 7 | 3 | 2 | 8 | 1 | 4 | 5 | 6 | 9 |
+---+---+---+---+---+---+---+---+---+
| 6 | 8 | 4 | 5 | 9 | 3 | 2 | 1 | 7 |
+---+---+---+---+---+---+---+---+---+
| 5 | 1 | 9 | 2 | 7 | 6 | 4 | 3 | 8 |
+---+---+---+---+---+---+---+---+---+
| 8 | 5 | 7 | 3 | 2 | 1 | 9 | 4 | 6 |
+---+---+---+---+---+---+---+---+---+
| 9 | 6 | 1 | 7 | 4 | 5 | 8 | 2 | 3 |
+---+---+---+---+---+---+---+---+---+
| 2 | 4 | 3 | 6 | 8 | 9 | 7 | 5 | 1 |
+---+---+---+---+---+---+---+---+---+

Id: 1c057d5d1c0f
Difficulty: 3.8
