+---+---+---+---+---+---+---+---+---+
| 6 | 2 | 1 | 9 | 5 | 4 | 7 | 8 | 3 |
+---+---+---+---+---+---+---+---+---+
| 4 | 5 | 9 | 3 | 8 | 7 | 1 | 2 | 6 |
+---+---+---+---+---+---+---+---+---+
| 7 | 3 | 8 | 1 | 2 | 6 | 9 | 4 | 5 |
+---+---+---+---+---+---+---+---+---+
| 3 | 6 | 7 | 5 | 9 | 2 | 4 | 1 | 8 |
+---+---+---+---+---+---+---+---+---+
| 5 | 9 | 4 | 7 | 1 | 8 | 3 | 6 | 2 |
+---+---+---+---+---+---+---+---+---+
| 1 | 8 | 2 | 4 | 6 | 3 | 5 | 9 | 7 |
+---+---+---+---+---+---+---+---+---+
| 8 | 1 | 5 | 2 | 3 | 9 | 6 | 7 | 4 |
+---+---+---+---+---+---+---+---+---+
| 9 | 4 | 6 | 8 | 7 | 5 | 2 | 3 | 1 |
+---+---+---+---+---+---+---+---+---+
| 2 | 7 | 3 | 6 | 4 | 1 | 8 | 5 | 9 |
+---+---+---+---+---+---+---+---+---+

Id: 6c9b08f0d535
Difficulty: 4.0
