+---+---+---+---+---+---+---+---+---+
| 3 | 9 | 2 | 4 | 7 | 1 | 5 | 6 | 8 |
+---+---+---+---+---+---+---+---+---+
| 8 | 4 | 6 | 3 | 2 | 5 | 7 | 9 | 1 |
+---+---+---+---+---+---+---+---+---+
| 7 | 5 | 1 | 6 | 8 | 9 | 3 | 2 | 4 |
+---+---+---+---+---+---+---+---+---+
| 9 | 2 | 3 | 1 | 5 | 6 | 8 | 4 | 7 |
+---+---+---+---+---+---+---+---+---+
| 5 | 8 | 4 | 7 | 9 | 2 | 6 | 1 | 3 |
+---+---+---+---+---+---+---+---+---+
| 1 | 6 | 7 | 8 | 4 | 3 | 2 | 5 | 9 |
+---+---+---+---+---+---+---+---+---+
| 4 | 7 | 5 | 9 | 6 | 8 | 1 | 3 | 2 |
+---+---+---+---+---+---+---+---+---+
| 2 | 3 | 8 | 5 | 1 | 4 | 9 | 7 | 6 |
+---+---+---+---+---+---+---+---+---+
| 6 | 1 | 9 | 2 | 3 | 7 | 4 | 8 | 5 |
+---+---+---+---+---+---+---+---+---+

Id: 5b3ed821a732
Difficulty: 4.0
