+---+---+---+---+---+---+---+---+---+
| 7 | 8 | 2 | 4 | 6 | 1 | 5 | 9 | 3 |
+---+---+---+---+---+---+---+---+---+
| 5 | 9 | 1 | 7 | 8 | 3 | 4 | 6 | 2 |
+---+---+---+---+---+---+---+---+---+
| 6 | 3 | 4 | 9 | 5 | 2 | 1 | 7 | 8 |
+---+---+---+---+---+---+---+---+---+
| 2 | 7 | 8 | 6 | 4 | 5 | 9 | 3 | 1 |
+---+---+---+---+---+---+---+---+---+
| 3 | 4 | 9 | 1 | 2 | 7 | 6 | 8 | 5 |
+---+---+---+---+---+---+---+---+---+
| 1 | 6 | 5 | 3 | 9 | 8 | 7 | 2 | 4 |
+---+---+---+---+---+---+---+---+---+
| 4 | 1 | 7 | 2 | 3 | 9 | 8 | 5 | 6 |
+---+---+---+---+---+---+---+---+---+
| 9 | 5 | 3 | 8 | 1 | 6 | 2 | 4 | 7 |
+---+---+---+---+---+---+---+---+---+
| 8 | 2 | 6 | 5 | 7 | 4 | 3 | 1 | 9 |
+---+---+---+---+---+---+---+---+---+

Id: 2a68bebe402f
Difficulty: 4.1
