+---+---+---+---+---+---+---+---+---+
| 3 | 5 | 2 | 6 | 7 | 9 | 8 | 1 | 4 |
+---+---+---+---+---+---+---+---+---+
| 8 | 6 | 7 | 1 | 3 | 4 | 9 | 2 | 5 |
+---+---+---+---+---+---+---+---+---+
| 1 | 4 | 9 | 2 | 5 | 8 | 3 | 7 | 6 |
+---+---+---+---+---+---+---+---+---+
| 7 | 3 | 5 | 9 | 4 | 2 | 1 | 6 | 8 |
+---+---+---+---+---+---+---+---+---+
| 4 | 9 | 1 | 8 | 6 | 7 | 2 | 5 | 3 |
+---+---+---+---+---+---+---+---+---+
| 2 | 8 | 6 | 3 | 1 | 5 | 7 | 4 | 9 |
+---+---+---+---+---+---+---+---+---+
| 9 | 1 | 4 | 7 | 8 | 6 | 5 | 3 | 2 |
+---+---+---+---+---+---+---+---+---+
| 5 | 2 | 3 | 4 | 9 | 1 | 6 | 8 | 7 |
+---+---+---+---+---+---+---+---+---+
| 6 | 7 | 8 | 5 | 2 | 3 | 4 | 9 | 1 |
+---+---+---+---+---+---+---+---+---+

Id: e52d1f602601
Difficulty: 4.1
