+---+---+---+---+---+---+---+---+---+
| 7 | 4 | 9 | 2 | 6 | 5 | 8 | 1 | 3 |
+---+---+---+---+---+---+---+---+---+
| 5 | 6 | 8 | 3 | 4 | 1 | 7 | 2 | 9 |
+---+---+---+---+---+---+---+---+---+
| 2 | 3 | 1 | 9 | 7 | 8 | 5 | 6 | 4 |
+---+---+---+---+---+---+---+---+---+
| 6 | 8 | 4 | 5 | 9 | 2 | 1 | 3 | 7 |
+---+---+---+---+---+---+---+---+---+
| 9 | 5 | 3 | 6 | 1 | 7 | 2 | 4 | 8 |
+---+---+---+---+---+---+---+---+---+
| 1 | 2 | 7 | 8 | 3 | 4 | 9 | 5 | 6 |
+---+---+---+---+---+---+---+---+---+
| 8 | 9 | 6 | 1 | 2 | 3 | 4 | 7 | 5 |
+---+---+---+---+---+---+---+---+---+
| 3 | 7 | 2 | 4 | 5 | 9 | 6 | 8 | 1 |
+---+---+---+---+---+---+---+---+---+
| 4 | 1 | 5 | 7 | 8 | 6 | 3 | 9 | 2 |
+---+---+---+---+---+---+---+---+---+

Id: 58a4e02ea860
Difficulty: 4.2
