+---+---+---+---+---+---+---+---+---+
| 5 | 3 | 2 | 6 | 8 | 7 | 1 | 4 | 9 |
+---+---+---+---+---+---+---+---+---+
| 4 | 7 | 1 | 5 | 3 | 9 | 2 | 6 | 8 |
+---+---+---+---+---+---+---+---+---+
| 9 | 8 | 6 | 2 | 4 | 1 | 5 | 7 | 3 |
+---+---+---+---+---+---+---+---+---+
| 6 | 2 | 4 | 1 | 9 | 8 | 3 | 5 | 7 |
+---+---+---+---+---+---+---+---+---+
| 8 | 9 | 7 | 3 | 5 | 2 | 4 | 1 | 6 |
+---+---+---+---+---+---+---+---+---+
| 1 | 5 | 3 | 4 | 7 | 6 | 8 | 9 | 2 |
+---+---+---+---+---+---+---+---+---+
| 3 | 1 | 9 | 8 | 6 | 4 | 7 | 2 | 5 |
+---+---+---+---+---+---+---+---+---+
| 2 | 6 | 8 | 7 | 1 | 5 | 9 | 3 | 4 |
+---+---+---+---+---+---+---+---+---+
| 7 | 4 | 5 | 9 | 2 | 3 | 6 | 8 | 1 |
+---+---+---+---+---+---+---+---+---+

Id: ea129c8a649a
Difficulty: 4.2
