+---+---+---+---+---+---+---+---+---+
| 7 | 9 | 6 | 8 | 5 | 1 | 3 | 2 | 4 |
+---+---+---+---+---+---+---+---+---+
| 8 | 5 | 2 | 3 | 7 | 4 | 1 | 9 | 6 |
+---+---+---+---+---+---+---+---+---+
| 4 | 1 | 3 | 2 | 9 | 6 | 7 | 5 | 8 |
+---+---+---+---+---+---+---+---+---+
| 6 | 7 | 1 | 9 | 2 | 8 | 5 | 4 | 3 |
+---+---+---+---+---+---+---+---+---+
| 3 | 8 | 5 | 4 | 1 | 7 | 9 | 6 | 2 |
+---+---+---+---+---+---+---+---+---+
| 2 | 4 | 9 | 5 | 6 | 3 | 8 | 7 | 1 |
+---+---+---+---+---+---+---+---+---+
| 9 | 6 | 4 | 1 | 3 | 5 | 2 | 8 | 7 |
+---+---+---+---+---+---+---+---+---+
| 1 | 2 | 7 | 6 | 8 | 9 | 4 | 3 | 5 |
+---+---+---+---+---+---+---+---+---+
| 5 | 3 | 8 | 7 | 4 | 2 | 6 | 1 | 9 |
+---+---+---+---+---+---+---+---+---+

Id: 8895e7a8267a
Difficulty: 4.4
