+---+---+---+---+---+---+---+---+---+
| 8 | 1 | 2 | 5 | 6 | 9 | 4 | 7 | 3 |
+---+---+---+---+---+---+---+---+---+
| 4 | 6 | 7 | 2 | 3 | 1 | 8 | 9 | 5 |
+---+---+---+---+---+---+---+---+---+
| 9 | 5 | 3 | 8 | 7 | 4 | 6 | 2 | 1 |
+---+---+---+---+---+---+---+---+---+
| 2 | 9 | 5 | 1 | 4 | 6 | 3 | 8 | 7 |
+---+---+---+---+---+---+---+---+---+
| 1 | 7 | 6 | 3 | 8 | 5 | 9 | 4 | 2 |
+---+---+---+---+---+---+---+---+---+
| 3 | 4 | 8 | 7 | 9 | 2 | 1 | 5 | 6 |
+---+---+---+---+---+---+---+---+---+
| 7 | 2 | 4 | 6 | 1 | 8 | 5 | 3 | 9 |
+---+---+---+---+---+---+---+---+---+
| 6 | 3 | 9 | 4 | 5 | 7 | 2 | 1 | 8 |
+---+---+---+---+---+---+---+---+---+
| 5 | 8 | 1 | 9 | 2 | 3 | 7 | 6 | 4 |
+---+---+---+---+---+---+---+---+---+

Id: 37915be6792f
Difficulty: 4.4
