+---+---+---+---+---+---+---+---+---+
| 8 | 3 | 6 | 5 | 4 | 9 | 1 | 2 | 7 |
+---+---+---+---+---+---+---+---+---+
| 7 | 5 | 4 | 1 | 8 | 2 | 9 | 6 | 3 |
+---+---+---+---+---+---+---+---+---+
| 1 | 2 | 9 | 6 | 7 | 3 | 4 | 8 | 5 |
+---+---+---+---+---+---+---+---+---+
| 3 | 9 | 7 | 8 | 1 | 4 | 6 | 5 | 2 |
+---+---+---+---+---+---+---+---+---+
| 5 | 8 | 2 | 7 | 9 | 6 | 3 | 4 | 1 |
+---+---+---+---+---+---+---+---+---+
| 4 | 6 | 1 | 3 | 2 | 5 | 8 | 7 | 9 |
+---+---+---+---+---+---+---+---+---+
| 6 | 1 | 8 | 9 | 5 | 7 | 2 | 3 | 4 |
+---+---+---+---+---+---+---+---+---+
| 9 | 4 | 5 | 2 | 3 | 8 | 7 | 1 | 6 |
+---+---+---+---+---+---+---+---+---+
| 2 | 7 | 3 | 4 | 6 | 1 | 5 | 9 | 8 |
+---+---+---+---+---+---+---+---+---+

Id: eadac3589262
Difficulty: 4.8
