+---+---+---+---+---+---+---+---+---+
| 2 | 3 | 7 | 9 | 8 | 6 | 5 | 4 | 1 |
+---+---+---+---+---+---+---+---+---+
| 4 | 8 | 9 | 1 | 5 | 3 | 7 | 6 | 2 |
+---+---+---+---+---+---+---+---+---+
| 1 | 5 | 6 | 2 | 7 | 4 | 8 | 3 | 9 |
+---+---+---+---+---+---+---+---+---+
| 6 | 4 | 8 | 3 | 1 | 7 | 2 | 9 | 5 |
+---+---+---+---+---+---+---+---+---+
| 5 | 1 | 3 | 6 | 9 | 2 | 4 | 7 | 8 |
+---+---+---+---+---+---+---+---+---+
| 9 | 7 | 2 | 5 | 4 | 8 | 3 | 1 | 6 |
+---+---+---+---+---+---+---+---+---+
| 8 | 6 | 4 | 7 | 2 | 1 | 9 | 5 | 3 |
+---+---+---+---+---+---+---+---+---+
| 7 | 9 | 1 | 8 | 3 | 5 | 6 | 2 | 4 |
+---+---+---+---+---+---+---+---+---+
| 3 | 2 | 5 | 4 | 6 | 9 | 1 | 8 | 7 |
+---+---+---+---+---+---+---+---+---+

Id: ee92a3732de5
Difficulty: 5.0
