+---+---+---+---+---+---+---+---+---+
| 4 | 1 | 5 | 7 | 2 | 3 | 8 | 9 | 6 |
+---+---+---+---+---+---+---+---+---+
| 3 | 7 | 2 | 8 | 6 | 9 | 1 | 5 | 4 |
+---+---+---+---+---+---+---+---+---+
| 8 | 6 | 9 | 4 | 1 | 5 | 7 | 2 | 3 |
+---+---+---+---+---+---+---+---+---+
| 7 | 5 | 8 | 6 | 3 | 1 | 9 | 4 | 2 |
+---+---+---+---+---+---+---+---+---+
| 6 | 2 | 1 | 9 | 5 | 4 | 3 | 8 | 7 |
+---+---+---+---+---+---+---+---+---+
| 9 | 4 | 3 | 2 | 8 | 7 | 5 | 6 | 1 |
+---+---+---+---+---+---+---+---+---+
| 2 | 3 | 6 | 1 | 9 | 8 | 4 | 7 | 5 |
+---+---+---+---+---+---+---+---+---+
| 1 | 8 | 4 | 5 | 7 | 6 | 2 | 3 | 9 |
+---+---+---+---+---+---+---+---+---+
| 5 | 9 | 7 | 3 | 4 | 2 | 6 | 1 | 8 |
+---+---+---+---+---+---+---+---+---+

Id: b41d243424ec
Difficulty: 5.2
