+---+---+---+---+---+---+---+---+---+
| 9 | 5 | 4 | 3 | 1 | 2 | 7 | 8 | 6 |
+---+---+---+---+---+---+---+---+---+
| 8 | 2 | 7 | 9 | 5 | 6 | 1 | 4 | 3 |
+---+---+---+---+---+---+---+---+---+
| 3 | 6 | 1 | 8 | 7 | 4 | 5 | 2 | 9 |
+---+---+---+---+---+---+---+---+---+
| 4 | 3 | 5 | 6 | 2 | 1 | 8 | 9 | 7 |
+---+---+---+---+---+---+---+---+---+
| 6 | 1 | 8 | 7 | 3 | 9 | 4 | 5 | 2 |
+---+---+---+---+---+---+---+---+---+
| 7 | 9 | 2 | 4 | 8 | 5 | 3 | 6 | 1 |
+---+---+---+---+---+---+---+---+---+
| 5 | 8 | 3 | 2 | 6 | 7 | 9 | 1 | 4 |
+---+---+---+---+---+---+---+---+---+
| 2 | 7 | 9 | 1 | 4 | 8 | 6 | 3 | 5 |
+---+---+---+---+---+---+---+---+---+
| 1 | 4 | 6 | 5 | 9 | 3 | 2 | 7 | 8 |
+---+---+---+---+---+---+---+---+---+

Id: 587b99cb96e2
Difficulty: 5.4
