+---+---+---+---+---+---+---+---+---+
| 2 | 7 | 9 | 8 | 1 | 4 | 6 | 5 | 3 |
+---+---+---+---+---+---+---+---+---+
| 4 | 1 | 5 | 3 | 6 | 2 | 7 | 9 | 8 |
+---+---+---+---+---+---+---+---+---+
| 3 | 6 | 8 | 9 | 7 | 5 | 1 | 2 | 4 |
+---+---+---+---+---+---+---+---+---+
| 1 | 4 | 7 | 6 | 9 | 3 | 5 | 8 | 2 |
+---+---+---+---+---+---+---+---+---+
| 5 | 8 | 6 | 4 | 2 | 7 | 3 | 1 | 9 |
+---+---+---+---+---+---+---+---+---+
| 9 | 2 | 3 | 1 | 5 | 8 | 4 | 7 | 6 |
+---+---+---+---+---+---+---+---+---+
| 8 | 5 | 4 | 7 | 3 | 9 | 2 | 6 | 1 |
+---+---+---+---+---+---+---+---+---+
| 6 | 3 | 2 | 5 | 8 | 1 | 9 | 4 | 7 |
+---+---+---+---+---+---+---+---+---+
| 7 | 9 | 1 | 2 | 4 | 6 | 8 | 3 | 5 |
+---+---+---+---+---+---+---+---+---+

Id: c7fff0e7fa99
Difficulty: 5.8
