+---+---+---+---+---+---+---+---+---+
| 7 | 8 | 5 | 2 | 9 | 6 | 3 | 4 | 1 |
+---+---+---+---+---+---+---+---+---+
| 6 | 2 | 3 | 5 | 1 | 4 | 7 | 8 | 9 |
+---+---+---+---+---+---+---+---+---+
| 1 | 9 | 4 | 3 | 8 | 7 | 6 | 5 | 2 |
+---+---+---+---+---+---+---+---+---+
| 5 | 7 | 2 | 8 | 4 | 9 | 1 | 6 | 3 |
+---+---+---+---+---+---+---+---+---+
| 3 | 6 | 8 | 1 | 7 | 2 | 4 | 9 | 5 |
+---+---+---+---+---+---+---+---+---+
| 9 | 4 | 1 | 6 | 5 | 3 | 2 | 7 | 8 |
+---+---+---+---+---+---+---+---+---+
| 2 | 1 | 9 | 7 | 6 | 5 | 8 | 3 | 4 |
+---+---+---+---+---+---+---+---+---+
| 8 | 5 | 7 | 4 | 3 | 1 | 9 | 2 | 6 |
+---+---+---+---+---+---+---+---+---+
| 4 | 3 | 6 | 9 | 2 | 8 | 5 | 1 | 7 |
+---+---+---+---+---+---+---+---+---+

Id: 65386631f4b1
Difficulty: 5.9
