+---+---+---+---+---+---+---+---+---+
| 4 | 5 | 2 | 3 | 7 | 6 | 8 | 1 | 9 |
+---+---+---+---+---+---+---+---+---+
| 8 | 1 | 7 | 9 | 4 | 5 | 3 | 6 | 2 |
+---+---+---+---+---+---+---+---+---+
| 9 | 3 | 6 | 1 | 2 | 8 | 5 | 7 | 4 |
+---+---+---+---+---+---+---+---+---+
| 3 | 6 | 5 | 7 | 8 | 9 | 2 | 4 | 1 |
+---+---+---+---+---+---+---+---+---+
| 7 | 2 | 8 | 4 | 1 | 3 | 6 | 9 | 5 |
+---+---+---+---+---+---+---+---+---+
| 1 | 4 | 9 | 5 | 6 | 2 | 7 | 8 | 3 |
+---+---+---+---+---+---+---+---+---+
| 6 | 8 | 1 | 2 | 3 | 4 | 9 | 5 | 7 |
+---+---+---+---+---+---+---+---+---+
| 2 | 9 | 4 | 8 | 5 | 7 | 1 | 3 | 6 |
+---+---+---+---+---+---+---+---+---+
| 5 | 7 | 3 | 6 | 9 | 1 | 4 | 2 | 8 |
+---+---+---+---+---+---+---+---+---+

Id: d5963296a3d0
Difficulty: 5.9
