+---+---+---+---+---+---+---+---+---+
| 3 | 8 | 5 | 2 | 4 | 7 | 6 | 9 | 1 |
+---+---+---+---+---+---+---+---+---+
| 7 | 1 | 4 | 6 | 9 | 8 | 3 | 2 | 5 |
+---+---+---+---+---+---+---+---+---+
| 9 | 2 | 6 | 1 | 5 | 3 | 8 | 7 | 4 |
+---+---+---+---+---+---+---+---+---+
| 8 | 4 | 9 | 3 | 7 | 1 | 5 | 6 | 2 |
+---+---+---+---+---+---+---+---+---+
| 2 | 5 | 1 | 9 | 8 | 6 | 4 | 3 | 7 |
+---+---+---+---+---+---+---+---+---+
| 6 | 7 | 3 | 5 | 2 | 4 | 1 | 8 | 9 |
+---+---+---+---+---+---+---+---+---+
| 4 | 3 | 2 | 8 | 1 | 9 | 7 | 5 | 6 |
+---+---+---+---+---+---+---+---+---+
| 5 | 6 | 7 | 4 | 3 | 2 | 9 | 1 | 8 |
+---+---+---+---+---+---+---+---+---+
| 1 | 9 | 8 | 7 | 6 | 5 | 2 | 4 | 3 |
+---+---+---+---+---+---+---+---+---+

Id: 2ac9255a0c41
Difficulty: 6.0
