+---+---+---+---+---+---+---+---+---+
| 5 | 2 | 3 | 8 | 1 | 9 | 4 | 6 | 7 |
+---+---+---+---+---+---+---+---+---+
| 7 | 1 | 6 | 4 | 3 | 5 | 2 | 9 | 8 |
+---+---+---+---+---+---+---+---+---+
| 4 | 8 | 9 | 2 | 7 | 6 | 3 | 5 | 1 |
+---+---+---+---+---+---+---+---+---+
| 2 | 6 | 1 | 3 | 4 | 8 | 5 | 7 | 9 |
+---+---+---+---+---+---+---+---+---+
| 9 | 7 | 4 | 5 | 6 | 2 | 8 | 1 | 3 |
+---+---+---+---+---+---+---+---+---+
| 3 | 5 | 8 | 7 | 9 | 1 | 6 | 4 | 2 |
+---+---+---+---+---+---+---+---+---+
| 8 | 3 | 7 | 9 | 5 | 4 | 1 | 2 | 6 |
+---+---+---+---+---+---+---+---+---+
| 1 | 9 | 5 | 6 | 2 | 3 | 7 | 8 | 4 |
+---+---+---+---+---+---+---+---+---+
| 6 | 4 | 2 | 1 | 8 | 7 | 9 | 3 | 5 |
+---+---+---+---+---+---+---+---+---+

Id: 3850d9b012da
Difficulty: 6.2
