+---+---+---+---+---+---+---+---+---+
| 9 | 1 | 2 | 5 | 3 | 7 | 4 | 8 | 6 |
+---+---+---+---+---+---+---+---+---+
| 7 | 4 | 5 | 6 | 9 | 8 | 2 | 3 | 1 |
+---+---+---+---+---+---+---+---+---+
| 3 | 6 | 8 | 2 | 1 | 4 | 9 | 5 | 7 |
+---+---+---+---+---+---+---+---+---+
| 2 | 3 | 1 | 8 | 4 | 6 | 5 | 7 | 9 |
+---+---+---+---+---+---+---+---+---+
| 8 | 9 | 4 | 7 | 5 | 1 | 3 | 6 | 2 |
+---+---+---+---+---+---+---+---+---+
| 5 | 7 | 6 | 3 | 2 | 9 | 8 | 1 | 4 |
+---+---+---+---+---+---+---+---+---+
| 6 | 2 | 7 | 9 | 8 | 5 | 1 | 4 | 3 |
+---+---+---+---+---+---+---+---+---+
| 4 | 5 | 3 | 1 | 6 | 2 | 7 | 9 | 8 |
+---+---+---+---+---+---+---+---+---+
| 1 | 8 | 9 | 4 | 7 | 3 | 6 | 2 | 5 |
+---+---+---+---+---+---+---+---+---+

Id: b321eadc1aa0
Difficulty: 6.7
