+---+---+---+---+---+---+---+---+---+
| 6 | 9 | 5 | 1 | 2 | 8 | 3 | 7 | 4 |
+---+---+---+---+---+---+---+---+---+
| 7 | 3 | 1 | 4 | 9 | 5 | 8 | 2 | 6 |
+---+---+---+---+---+---+---+---+---+
| 4 | 2 | 8 | 3 | 6 | 7 | 5 | 9 | 1 |
+---+---+---+---+---+---+---+---+---+
| 1 | 5 | 4 | 6 | 3 | 9 | 7 | 8 | 2 |
+---+---+---+---+---+---+---+---+---+
| 2 | 6 | 3 | 7 | 8 | 4 | 1 | 5 | 9 |
+---+---+---+---+---+---+---+---+---+
| 8 | 7 | 9 | 5 | 1 | 2 | 6 | 4 | 3 |
+---+---+---+---+---+---+---+---+---+
| 3 | 8 | 7 | 2 | 4 | 1 | 9 | 6 | 5 |
+---+---+---+---+---+---+---+---+---+
| 9 | 1 | 2 | 8 | 5 | 6 | 4 | 3 | 7 |
+---+---+---+---+---+---+---+---+---+
| 5 | 4 | 6 | 9 | 7 | 3 | 2 | 1 | 8 |
+---+---+---+---+---+---+---+---+---+

Id: 97967d39a6b5
Difficulty: 6.7
