+---+---+---+---+---+---+---+---+---+
| 9 | 5 | 2 | 1 | 7 | 3 | 4 | 8 | 6 |
+---+---+---+---+---+---+---+---+---+
| 6 | 3 | 7 | 5 | 8 | 4 | 1 | 2 | 9 |
+---+---+---+---+---+---+---+---+---+
| 4 | 1 | 8 | 2 | 9 | 6 | 7 | 5 | 3 |
+---+---+---+---+---+---+---+---+---+
| 3 | 8 | 5 | 6 | 1 | 7 | 9 | 4 | 2 |
+---+---+---+---+---+---+---+---+---+
| 7 | 9 | 4 | 8 | 5 | 2 | 3 | 6 | 1 |
+---+---+---+---+---+---+---+---+---+
| 1 | 2 | 6 | 4 | 3 | 9 | 8 | 7 | 5 |
+---+---+---+---+---+---+---+---+---+
| 8 | 6 | 1 | 9 | 4 | 5 | 2 | 3 | 7 |
+---+---+---+---+---+---+---+---+---+
| 2 | 7 | 9 | 3 | 6 | 8 | 5 | 1 | 4 |
+---+---+---+---+---+---+---+---+---+
| 5 | 4 | 3 | 7 | 2 | 1 | 6 | 9 | 8 |
+---+---+---+---+---+---+---+---+---+

Id: 8b190bb52c48
Difficulty: 6.8
