+---+---+---+---+---+---+---+---+---+
| 3 | 5 | 7 | 9 | 6 | 2 | 8 | 1 | 4 |
+---+---+---+---+---+---+---+---+---+
| 6 | 9 | 2 | 4 | 1 | 8 | 7 | 3 | 5 |
+---+---+---+---+---+---+---+---+---+
| 4 | 8 | 1 | 5 | 7 | 3 | 2 | 9 | 6 |
+---+---+---+---+---+---+---+---+---+
| 9 | 1 | 4 | 3 | 2 | 5 | 6 | 8 | 7 |
+---+---+---+---+---+---+---+---+---+
| 7 | 2 | 8 | 6 | 9 | 1 | 4 | 5 | 3 |
+---+---+---+---+---+---+---+---+---+
| 5 | 6 | 3 | 8 | 4 | 7 | 9 | 2 | 1 |
+---+---+---+---+---+---+---+---+---+
| 8 | 7 | 5 | 2 | 3 | 4 | 1 | 6 | 9 |
+---+---+---+---+---+---+---+---+---+
| 1 | 3 | 6 | 7 | 8 | 9 | 5 | 4 | 2 |
+---+---+---+---+---+---+---+---+---+
| 2 | 4 | 9 | 1 | 5 | 6 | 3 | 7 | 8 |
+---+---+---+---+---+---+---+---+---+

Id: 1a893c6a368f
Difficulty: 6.9
