+---+---+---+---+---+---+---+---+---+
| 9 | 2 | 4 | 3 | 8 | 7 | 5 | 1 | 6 |
+---+---+---+---+---+---+---+---+---+
| 8 | 1 | 3 | 4 | 6 | 5 | 2 | 7 | 9 |
+---+---+---+---+---+---+---+---+---+
| 6 | 7 | 5 | 9 | 2 | 1 | 4 | 8 | 3 |
+---+---+---+---+---+---+---+---+---+
| 1 | 5 | 6 | 7 | 4 | 8 | 9 | 3 | 2 |
+---+---+---+---+---+---+---+---+---+
| 4 | 9 | 8 | 2 | 1 | 3 | 6 | 5 | 7 |
+---+---+---+---+---+---+---+---+---+
| 2 | 3 | 7 | 5 | 9 | 6 | 1 | 4 | 8 |
+---+---+---+---+---+---+---+---+---+
| 3 | 4 | 1 | 6 | 7 | 2 | 8 | 9 | 5 |
+---+---+---+---+---+---+---+---+---+
| 7 | 8 | 2 | 1 | 5 | 9 | 3 | 6 | 4 |
+---+---+---+---+---+---+---+---+---+
| 5 | 6 | 9 | 8 | 3 | 4 | 7 | 2 | 1 |
+---+---+---+---+---+---+---+---+---+

Id: c113ce031262
Difficulty: 7.0
