+---+---+---+---+---+---+---+---+---+
| 1 | 6 | 2 | 3 | 5 | 7 | 8 | 4 | 9 |
+---+---+---+---+---+---+---+---+---+
| 5 | 4 | 9 | 6 | 8 | 2 | 3 | 1 | 7 |
+---+---+---+---+---+---+---+---+---+
| 3 | 7 | 8 | 9 | 1 | 4 | 2 | 6 | 5 |
+---+---+---+---+---+---+---+---+---+
| 6 | 8 | 3 | 2 | 9 | 1 | 5 | 7 | 4 |
+---+---+---+---+---+---+---+---+---+
| 4 | 2 | 5 | 8 | 7 | 6 | 9 | 3 | 1 |
+---+---+---+---+---+---+---+---+---+
| 9 | 1 | 7 | 4 | 3 | 5 | 6 | 8 | 2 |
+---+---+---+---+---+---+---+---+---+
| 8 | 5 | 1 | 7 | 2 | 3 | 4 | 9 | 6 |
+---+---+---+---+---+---+---+---+---+
| 2 | 3 | 4 | 1 | 6 | 9 | 7 | 5 | 8 |
+---+---+---+---+---+---+---+---+---+
| 7 | 9 | 6 | 5 | 4 | 8 | 1 | 2 | 3 |
+---+---+---+---+---+---+---+---+---+

Id: 470763707273
Difficulty: 7.2
