+---+---+---+---+---+---+---+---+---+
| 2 | 4 | 8 | 1 | 3 | 9 | 6 | 7 | 5 |
+---+---+---+---+---+---+---+---+---+
| 5 | 9 | 1 | 7 | 4 | 6 | 2 | 3 | 8 |
+---+---+---+---+---+---+---+---+---+
| 3 | 7 | 6 | 8 | 2 | 5 | 9 | 4 | 1 |
+---+---+---+---+---+---+---+---+---+
| 7 | 2 | 4 | 5 | 9 | 8 | 1 | 6 | 3 |
+---+---+---+---+---+---+---+---+---+
| 8 | 5 | 9 | 3 | 6 | 1 | 4 | 2 | 7 |
+---+---+---+---+---+---+---+---+---+
| 6 | 1 | 3 | 4 | 7 | 2 | 5 | 8 | 9 |
+---+---+---+---+---+---+---+---+---+
| 4 | 3 | 5 | 2 | 1 | 7 | 8 | 9 | 6 |
+---+---+---+---+---+---+---+---+---+
| 9 | 8 | 2 | 6 | 5 | 3 | 7 | 1 | 4 |
+---+---+---+---+---+---+---+---+---+
| 1 | 6 | 7 | 9 | 8 | 4 | 3 | 5 | 2 |
+---+---+---+---+---+---+---+---+---+

Id: d4e98b4681b7
Difficulty: 7.2
