+---+---+---+---+---+---+---+---+---+
| 4 | 6 | 8 | 2 | 7 | 3 | 9 | 1 | 5 |
+---+---+---+---+---+---+---+---+---+
| 1 | 3 | 7 | 9 | 8 | 5 | 2 | 4 | 6 |
+---+---+---+---+---+---+---+---+---+
| 2 | 5 | 9 | 4 | 1 | 6 | 7 | 8 | 3 |
+---+---+---+---+---+---+---+---+---+
| 6 | 4 | 1 | 7 | 3 | 8 | 5 | 9 | 2 |
+---+---+---+---+---+---+---+---+---+
| 5 | 8 | 3 | 1 | 2 | 9 | 4 | 6 | 7 |
+---+---+---+---+---+---+---+---+---+
| 9 | 7 | 2 | 5 | 6 | 4 | 8 | 3 | 1 |
+---+---+---+---+---+---+---+---+---+
| 7 | 1 | 4 | 6 | 9 | 2 | 3 | 5 | 8 |
+---+---+---+---+---+---+---+---+---+
| 8 | 2 | 5 | 3 | 4 | 1 | 6 | 7 | 9 |
+---+---+---+---+---+---+---+---+---+
| 3 | 9 | 6 | 8 | 5 | 7 | 1 | 2 | 4 |
+---+---+---+---+---+---+---+---+---+

Id: 78cdb113b92e
Difficulty: 7.4
