+---+---+---+---+---+---+---+---+---+
| 8 | 6 | 3 | 9 | 5 | 2 | 1 | 4 | 7 |
+---+---+---+---+---+---+---+---+---+
| 1 | 7 | 5 | 3 | 4 | 6 | 2 | 8 | 9 |
+---+---+---+---+---+---+---+---+---+
| 2 | 4 | 9 | 7 | 8 | 1 | 3 | 6 | 5 |
+---+---+---+---+---+---+---+---+---+
| 4 | 3 | 8 | 2 | 1 | 9 | 7 | 5 | 6 |
+---+---+---+---+---+---+---+---+---+
| 6 | 9 | 2 | 8 | 7 | 5 | 4 | 1 | 3 |
+---+---+---+---+---+---+---+---+---+
| 5 | 1 | 7 | 4 | 6 | 3 | 8 | 9 | 2 |
+---+---+---+---+---+---+---+---+---+
| 3 | 5 | 1 | 6 | 2 | 4 | 9 | 7 | 8 |
+---+---+---+---+---+---+---+---+---+
| 7 | 2 | 6 | 1 | 9 | 8 | 5 | 3 | 4 |
+---+---+---+---+---+---+---+---+---+
| 9 | 8 | 4 | 5 | 3 | 7 | 6 | 2 | 1 |
+---+---+---+---+---+---+---+---+---+

Id: 49aa261c8abd
Difficulty: 7.5
