+---+---+---+---+---+---+---+---+---+
| 5 | 9 | 7 | 3 | 1 | 8 | 4 | 6 | 2 |
+---+---+---+---+---+---+---+---+---+
| 2 | 4 | 6 | 9 | 7 | 5 | 8 | 1 | 3 |
+---+---+---+---+---+---+---+---+---+
| 3 | 8 | 1 | 2 | 4 | 6 | 7 | 9 | 5 |
+---+---+---+---+---+---+---+---+---+
| 1 | 7 | 3 | 5 | 6 | 2 | 9 | 4 | 8 |
+---+---+---+---+---+---+---+---+---+
| 4 | 6 | 8 | 1 | 9 | 3 | 5 | 2 | 7 |
+---+---+---+---+---+---+---+---+---+
| 9 | 2 | 5 | 7 | 8 | 4 | 6 | 3 | 1 |
+---+---+---+---+---+---+---+---+---+
| 7 | 5 | 9 | 6 | 3 | 1 | 2 | 8 | 4 |
+---+---+---+---+---+---+---+---+---+
| 6 | 3 | 4 | 8 | 2 | 7 | 1 | 5 | 9 |
+---+---+---+---+---+---+---+---+---+
| 8 | 1 | 2 | 4 | 5 | 9 | 3 | 7 | 6 |
+---+---+---+---+---+---+---+---+---+

Id: 963442fb323a
Difficulty: 7.5
