+---+---+---+---+---+---+---+---+---+
| 1 | 8 | 2 | 4 | 5 | 9 | 7 | 3 | 6 |
+---+---+---+---+---+---+---+---+---+
| 3 | 9 | 4 | 7 | 2 | 6 | 5 | 1 | 8 |
+---+---+---+---+---+---+---+---+---+
| 5 | 7 | 6 | 8 | 3 | 1 | 4 | 2 | 9 |
+---+---+---+---+---+---+---+---+---+
| 6 | 4 | 1 | 2 | 9 | 7 | 8 | 5 | 3 |
+---+---+---+---+---+---+---+---+---+
| 7 | 2 | 8 | 5 | 6 | 3 | 9 | 4 | 1 |
+---+---+---+---+---+---+---+---+---+
| 9 | 3 | 5 | 1 | 8 | 4 | 2 | 6 | 7 |
+---+---+---+---+---+---+---+---+---+
| 2 | 1 | 9 | 3 | 7 | 5 | 6 | 8 | 4 |
+---+---+---+---+---+---+---+---+---+
| 4 | 5 | 7 | 6 | 1 | 8 | 3 | 9 | 2 |
+---+---+---+---+---+---+---+---+---+
| 8 | 6 | 3 | 9 | 4 | 2 | 1 | 7 | 5 |
+---+---+---+---+---+---+---+---+---+

Id: 552d0952c221
Difficulty: 7.7
