+---+---+---+---+---+---+---+---+---+
| 1 | 2 | 8 | 4 | 3 | 9 | 7 | 5 | 6 |
+---+---+---+---+---+---+---+---+---+
| 5 | 4 | 9 | 7 | 6 | 8 | 2 | 1 | 3 |
+---+---+---+---+---+---+---+---+---+
| 3 | 6 | 7 | 2 | 5 | 1 | 4 | 9 | 8 |
+---+---+---+---+---+---+---+---+---+
| 7 | 3 | 6 | 1 | 4 | 2 | 5 | 8 | 9 |
+---+---+---+---+---+---+---+---+---+
| 2 | 5 | 4 | 8 | 9 | 6 | 1 | 3 | 7 |
+---+---+---+---+---+---+---+---+---+
| 8 | 9 | 1 | 3 | 7 | 5 | 6 | 2 | 4 |
+---+---+---+---+---+---+---+---+---+
| 6 | 7 | 5 | 9 | 1 | 3 | 8 | 4 | 2 |
+---+---+---+---+---+---+---+---+---+
| 9 | 1 | 2 | 6 | 8 | 4 | 3 | 7 | 5 |
+---+---+---+---+---+---+---+---+---+
| 4 | 8 | 3 | 5 | 2 | 7 | 9 | 6 | 1 |
+---+---+---+---+---+---+---+---+---+

Id: 2ca6ff38b98f
Difficulty: 8.0
