+---+---+---+---+---+---+---+---+---+
| 5 | 8 | 6 | 2 | 4 | 9 | 3 | 1 | 7 |
+---+---+---+---+---+---+---+---+---+
| 1 | 7 | 4 | 5 | 3 | 6 | 2 | 9 | 8 |
+---+---+---+---+---+---+---+---+---+
| 9 | 3 | 2 | 8 | 1 | 7 | 6 | 4 | 5 |
+---+---+---+---+---+---+---+---+---+
| 6 | 1 | 3 | 4 | 7 | 5 | 8 | 2 | 9 |
+---+---+---+---+---+---+---+---+---+
| 7 | 2 | 5 | 3 | 9 | 8 | 4 | 6 | 1 |
+---+---+---+---+---+---+---+---+---+
| 8 | 4 | 9 | 6 | 2 | 1 | 5 | 7 | 3 |
+---+---+---+---+---+---+---+---+---+
| 3 | 6 | 1 | 9 | 8 | 4 | 7 | 5 | 2 |
+---+---+---+---+---+---+---+---+---+
| 4 | 9 | 8 | 7 | 5 | 2 | 1 | 3 | 6 |
+---+---+---+---+---+---+---+---+---+
| 2 | 5 | 7 | 1 | 6 | 3 | 9 | 8 | 4 |
+---+---+---+---+---+---+---+---+---+

Id: 3b98dcaadbff
Difficulty: 8.0
