+---+---+---+---+---+---+---+---+---+
| 5 | 8 | 2 | 7 | 1 | 6 | 3 | 4 | 9 |
+---+---+---+---+---+---+---+---+---+
| 9 | 1 | 7 | 4 | 5 | 3 | 8 | 6 | 2 |
+---+---+---+---+---+---+---+---+---+
| 6 | 4 | 3 | 8 | 9 | 2 | 7 | 5 | 1 |
+---+---+---+---+---+---+---+---+---+
| 4 | 7 | 5 | 3 | 2 | 1 | 9 | 8 | 6 |
+---+---+---+---+---+---+---+---+---+
| 8 | 3 | 9 | 6 | 7 | 4 | 2 | 1 | 5 |
+---+---+---+---+---+---+---+---+---+
| 2 | 6 | 1 | 9 | 8 | 5 | 4 | 3 | 7 |
+---+---+---+---+---+---+---+---+---+
| 3 | 2 | 6 | 5 | 4 | 7 | 1 | 9 | 8 |
+---+---+---+---+---+---+---+---+---+
| 1 | 5 | 8 | 2 | 3 | 9 | 6 | 7 | 4 |
+---+---+---+---+---+---+---+---+---+
| 7 | 9 | 4 | 1 | 6 | 8 | 5 | 2 | 3 |
+---+---+---+---+---+---+---+---+---+

Id: af23af5b0ea6
Difficulty: 8.0
