+---+---+---+---+---+---+---+---+---+
| 4 | 6 | 8 | 9 | 3 | 2 | 5 | 7 | 1 |
+---+---+---+---+---+---+---+---+---+
| 5 | 2 | 7 | 6 | 1 | 8 | 3 | 4 | 9 |
+---+---+---+---+---+---+---+---+---+
| 9 | 3 | 1 | 5 | 7 | 4 | 2 | 6 | 8 |
+---+---+---+---+---+---+---+---+---+
| 1 | 7 | 4 | 2 | 9 | 3 | 8 | 5 | 6 |
+---+---+---+---+---+---+---+---+---+
| 8 | 5 | 3 | 4 | 6 | 7 | 9 | 1 | 2 |
+---+---+---+---+---+---+---+---+---+
| 6 | 9 | 2 | 1 | 8 | 5 | 4 | 3 | 7 |
+---+---+---+---+---+---+---+---+---+
| 2 | 4 | 9 | 7 | 5 | 6 | 1 | 8 | 3 |
+---+---+---+---+---+---+---+---+---+
| 7 | 8 | 5 | 3 | 2 | 1 | 6 | 9 | 4 |
+---+---+---+---+---+---+---+---+---+
| 3 | 1 | 6 | 8 | 4 | 9 | 7 | 2 | 5 |
+---+---+---+---+---+---+---+---+---+

Id: a4bab9fa0dd1
Difficulty: 8.1
