+---+---+---+---+---+---+---+---+---+
| 7 | 3 | 8 | 9 | 1 | 2 | 5 | 6 | 4 |
+---+---+---+---+---+---+---+---+---+
| 1 | 5 | 4 | 6 | 7 | 8 | 3 | 9 | 2 |
+---+---+---+---+---+---+---+---+---+
| 6 | 2 | 9 | 4 | 3 | 5 | 1 | 7 | 8 |
+---+---+---+---+---+---+---+---+---+
| 2 | 4 | 1 | 7 | 9 | 3 | 6 | 8 | 5 |
+---+---+---+---+---+---+---+---+---+
| 9 | 8 | 7 | 5 | 4 | 6 | 2 | 1 | 3 |
+---+---+---+---+---+---+---+---+---+
| 3 | 6 | 5 | 2 | 8 | 1 | 9 | 4 | 7 |
+---+---+---+---+---+---+---+---+---+
| 8 | 1 | 6 | 3 | 2 | 4 | 7 | 5 | 9 |
+---+---+---+---+---+---+---+---+---+
| 4 | 7 | 3 | 1 | 5 | 9 | 8 | 2 | 6 |
+---+---+---+---+---+---+---+---+---+
| 5 | 9 | 2 | 8 | 6 | 7 | 4 | 3 | 1 |
+---+---+---+---+---+---+---+---+---+

Id: b64b1d86022e
Difficulty: 8.1
