+---+---+---+---+---+---+---+---+---+
| 7 | 8 | 3 | 6 | 1 | 9 | 4 | 5 | 2 |
+---+---+---+---+---+---+---+---+---+
| 5 | 1 | 6 | 3 | 4 | 2 | 9 | 7 | 8 |
+---+---+---+---+---+---+---+---+---+
| 4 | 2 | 9 | 5 | 7 | 8 | 1 | 3 | 6 |
+---+---+---+---+---+---+---+---+---+
| 6 | 7 | 2 | 1 | 8 | 4 | 5 | 9 | 3 |
+---+---+---+---+---+---+---+---+---+
| 9 | 5 | 1 | 7 | 2 | 3 | 6 | 8 | 4 |
+---+---+---+---+---+---+---+---+---+
| 3 | 4 | 8 | 9 | 6 | 5 | 2 | 1 | 7 |
+---+---+---+---+---+---+---+---+---+
| 8 | 6 | 5 | 2 | 9 | 7 | 3 | 4 | 1 |
+---+---+---+---+---+---+---+---+---+
| 2 | 9 | 7 | 4 | 3 | 1 | 8 | 6 | 5 |
+---+---+---+---+---+---+---+---+---+
| 1 | 3 | 4 | 8 | 5 | 6 | 7 | 2 | 9 |
+---+---+---+---+---+---+---+---+---+

Id: a1f37416e7fb
Difficulty: 8.2
