+---+---+---+---+---+---+---+---+---+
| 6 | 9 | 8 | 3 | 4 | 5 | 2 | 7 | 1 |
+---+---+---+---+---+---+---+---+---+
| 3 | 1 | 2 | 7 | 8 | 6 | 4 | 9 | 5 |
+---+---+---+---+---+---+---+---+---+
| 4 | 5 | 7 | 9 | 2 | 1 | 6 | 3 | 8 |
+---+---+---+---+---+---+---+---+---+
| 8 | 7 | 5 | 4 | 6 | 3 | 9 | 1 | 2 |
+---+---+---+---+---+---+---+---+---+
| 2 | 3 | 9 | 5 | 1 | 7 | 8 | 6 | 4 |
+---+---+---+---+---+---+---+---+---+
| 1 | 6 | 4 | 2 | 9 | 8 | 3 | 5 | 7 |
+---+---+---+---+---+---+---+---+---+
| 5 | 8 | 1 | 6 | 3 | 2 | 7 | 4 | 9 |
+---+---+---+---+---+---+---+---+---+
| 9 | 2 | 6 | 1 | 7 | 4 | 5 | 8 | 3 |
+---+---+---+---+---+---+---+---+---+
| 7 | 4 | 3 | 8 | 5 | 9 | 1 | 2 | 6 |
+---+---+---+---+---+---+---+---+---+

Id: 4cb2f6f46ac4
Difficulty: 8.3
