+---+---+---+---+---+---+---+---+---+
| 9 | 1 | 5 | 6 | 7 | 3 | 4 | 8 | 2 |
+---+---+---+---+---+---+---+---+---+
| 4 | 7 | 8 | 9 | 2 | 5 | 6 | 3 | 1 |
+---+---+---+---+---+---+---+---+---+
| 3 | 6 | 2 | 1 | 8 | 4 | 9 | 5 | 7 |
+---+---+---+---+---+---+---+---+---+
| 5 | 4 | 3 | 2 | 6 | 1 | 7 | 9 | 8 |
+---+---+---+---+---+---+---+---+---+
| 8 | 2 | 6 | 4 | 9 | 7 | 5 | 1 | 3 |
+---+---+---+---+---+---+---+---+---+
| 7 | 9 | 1 | 3 | 5 | 8 | 2 | 4 | 6 |
+---+---+---+---+---+---+---+---+---+
| 6 | 8 | 7 | 5 | 1 | 9 | 3 | 2 | 4 |
+---+---+---+---+---+---+---+---+---+
| 1 | 5 | 4 | 7 | 3 | 2 | 8 | 6 | 9 |
+---+---+---+---+---+---+---+---+---+
| 2 | 3 | 9 | 8 | 4 | 6 | 1 | 7 | 5 |
+---+---+---+---+---+---+---+---+---+

Id: 31715f4d4111
Difficulty: 8.3
