+---+---+---+---+---+---+---+---+---+
| 4 | 7 | 8 | 5 | 3 | 1 | 2 | 6 | 9 |
+---+---+---+---+---+---+---+---+---+
| 2 | 9 | 3 | 6 | 4 | 8 | 5 | 7 | 1 |
+---+---+---+---+---+---+---+---+---+
| 5 | 1 | 6 | 2 | 9 | 7 | 3 | 8 | 4 |
+---+---+---+---+---+---+---+---+---+
| 1 | 4 | 9 | 3 | 7 | 6 | 8 | 2 | 5 |
+---+---+---+---+---+---+---+---+---+
| 8 | 3 | 7 | 9 | 2 | 5 | 4 | 1 | 6 |
+---+---+---+---+---+---+---+---+---+
| 6 | 2 | 5 | 1 | 8 | 4 | 7 | 9 | 3 |
+---+---+---+---+---+---+---+---+---+
| 9 | 5 | 2 | 8 | 6 | 3 | 1 | 4 | 7 |
+---+---+---+---+---+---+---+---+---+
| 7 | 8 | 1 | 4 | 5 | 9 | 6 | 3 | 2 |
+---+---+---+---+---+---+---+---+---+
| 3 | 6 | 4 | 7 | 1 | 2 | 9 | 5 | 8 |
+---+---+---+---+---+---+---+---+---+

Id: ba5bd3e170b0
Difficulty: 8.4
