+---+---+---+---+---+---+---+---+---+
| 1 | 2 | 4 | 9 | 3 | 7 | 6 | 5 | 8 |
+---+---+---+---+---+---+---+---+---+
| 9 | 6 | 5 | 8 | 2 | 4 | 1 | 3 | 7 |
+---+---+---+---+---+---+---+---+---+
| 8 | 3 | 7 | 1 | 5 | 6 | 2 | 4 | 9 |
+---+---+---+---+---+---+---+---+---+
| 3 | 1 | 8 | 2 | 6 | 9 | 5 | 7 | 4 |
+---+---+---+---+---+---+---+---+---+
| 7 | 5 | 2 | 4 | 8 | 3 | 9 | 6 | 1 |
+---+---+---+---+---+---+---+---+---+
| 6 | 4 | 9 | 7 | 1 | 5 | 3 | 8 | 2 |
+---+---+---+---+---+---+---+---+---+
| 2 | 7 | 6 | 5 | 9 | 8 | 4 | 1 | 3 |
+---+---+---+---+---+---+---+---+---+
| 5 | 8 | 1 | 3 | 4 | 2 | 7 | 9 | 6 |
+---+---+---+---+---+---+---+---+---+
| 4 | 9 | 3 | 6 | 7 | 1 | 8 | 2 | 5 |
+---+---+---+---+---+---+---+---+---+

Id: 9d46cb923dbe
Difficulty: 8.6
