+---+---+---+---+---+---+---+---+---+
| 7 | 1 | 6 | 5 | 3 | 8 | 2 | 4 | 9 |
+---+---+---+---+---+---+---+---+---+
| 9 | 3 | 8 | 2 | 1 | 4 | 6 | 5 | 7 |
+---+---+---+---+---+---+---+---+---+
| 2 | 4 | 5 | 9 | 6 | 7 | 1 | 8 | 3 |
+---+---+---+---+---+---+---+---+---+
| 8 | 2 | 4 | 3 | 7 | 5 | 9 | 1 | 6 |
+---+---+---+---+---+---+---+---+---+
| 6 | 9 | 7 | 8 | 2 | 1 | 5 | 3 | 4 |
+---+---+---+---+---+---+---+---+---+
| 3 | 5 | 1 | 6 | 4 | 9 | 7 | 2 | 8 |
+---+---+---+---+---+---+---+---+---+
| 5 | 6 | 3 | 7 | 8 | 2 | 4 | 9 | 1 |
+---+---+---+---+---+---+---+---+---+
| 1 | 7 | 9 | 4 | 5 | 3 | 8 | 6 | 2 |
+---+---+---+---+---+---+---+---+---+
| 4 | 8 | 2 | 1 | 9 | 6 | 3 | 7 | 5 |
+---+---+---+---+---+---+---+---+---+

Id: 0681615c8079
Difficulty: 8.6
