+---+---+---+---+---+---+---+---+---+
| 1 | 2 | 7 | 3 | 9 | 4 | 6 | 5 | 8 |
+---+---+---+---+---+---+---+---+---+
| 6 | 5 | 4 | 7 | 8 | 2 | 9 | 1 | 3 |
+---+---+---+---+---+---+---+---+---+
| 9 | 8 | 3 | 6 | 1 | 5 | 7 | 2 | 4 |
+---+---+---+---+---+---+---+---+---+
| 4 | 7 | 8 | 9 | 6 | 1 | 2 | 3 | 5 |
+---+---+---+---+---+---+---+---+---+
| 2 | 3 | 1 | 5 | 4 | 7 | 8 | 6 | 9 |
+---+---+---+---+---+---+---+---+---+
| 5 | 9 | 6 | 2 | 3 | 8 | 1 | 4 | 7 |
+---+---+---+---+---+---+---+---+---+
| 3 | 6 | 2 | 4 | 7 | 9 | 5 | 8 | 1 |
+---+---+---+---+---+---+---+---+---+
| 7 | 1 | 5 | 8 | 2 | 3 | 4 | 9 | 6 |
+---+---+---+---+---+---+---+---+---+
| 8 | 4 | 9 | 1 | 5 | 6 | 3 | 7 | 2 |
+---+---+---+---+---+---+---+---+---+

Id: bd0a0b1bc686
Difficulty: 8.6
