+---+---+---+---+---+---+---+---+---+
| 4 | 8 | 3 | 2 | 1 | 7 | 6 | 5 | 9 |
+---+---+---+---+---+---+---+---+---+
| 2 | 7 | 5 | 9 | 6 | 3 | 1 | 4 | 8 |
+---+---+---+---+---+---+---+---+---+
| 9 | 6 | 1 | 5 | 4 | 8 | 3 | 2 | 7 |
+---+---+---+---+---+---+---+---+---+
| 7 | 9 | 6 | 3 | 8 | 4 | 2 | 1 | 5 |
+---+---+---+---+---+---+---+---+---+
| 1 | 3 | 8 | 7 | 5 | 2 | 9 | 6 | 4 |
+---+---+---+---+---+---+---+---+---+
| 5 | 4 | 2 | 1 | 9 | 6 | 7 | 8 | 3 |
+---+---+---+---+---+---+---+---+---+
| 8 | 5 | 9 | 6 | 7 | 1 | 4 | 3 | 2 |
+---+---+---+---+---+---+---+---+---+
| 6 | 2 | 4 | 8 | 3 | 9 | 5 | 7 | 1 |
+---+---+---+---+---+---+---+---+---+
| 3 | 1 | 7 | 4 | 2 | 5 | 8 | 9 | 6 |
+---+---+---+---+---+---+---+---+---+

Id: 8be407d31ee8
Difficulty: 8.6
