+---+---+---+---+---+---+---+---+---+
| 8 | 5 | 3 | 4 | 7 | 6 | 2 | 9 | 1 |
+---+---+---+---+---+---+---+---+---+
| 7 | 9 | 6 | 8 | 2 | 1 | 3 | 4 | 5 |
+---+---+---+---+---+---+---+---+---+
| 1 | 4 | 2 | 3 | 9 | 5 | 6 | 7 | 8 |
+---+---+---+---+---+---+---+---+---+
| 3 | 1 | 8 | 9 | 5 | 7 | 4 | 6 | 2 |
+---+---+---+---+---+---+---+---+---+
| 6 | 7 | 5 | 2 | 4 | 3 | 8 | 1 | 9 |
+---+---+---+---+---+---+---+---+---+
| 4 | 2 | 9 | 1 | 6 | 8 | 7 | 5 | 3 |
+---+---+---+---+---+---+---+---+---+
| 2 | 6 | 7 | 5 | 8 | 9 | 1 | 3 | 4 |
+---+---+---+---+---+---+---+---+---+
| 5 | 3 | 4 | 6 | 1 | 2 | 9 | 8 | 7 |
+---+---+---+---+---+---+---+---+---+
| 9 | 8 | 1 | 7 | 3 | 4 | 5 | 2 | 6 |
+---+---+---+---+---+---+---+---+---+

Id: df96124aef8d
Difficulty: 8.6
