+---+---+---+---+---+---+---+---+---+
| 4 | 1 | 8 | 5 | 2 | 6 | 9 | 7 | 3 |
+---+---+---+---+---+---+---+---+---+
| 3 | 5 | 2 | 9 | 7 | 4 | 8 | 1 | 6 |
+---+---+---+---+---+---+---+---+---+
| 7 | 9 | 6 | 1 | 8 | 3 | 2 | 4 | 5 |
+---+---+---+---+---+---+---+---+---+
| 5 | 8 | 7 | 2 | 6 | 9 | 4 | 3 | 1 |
+---+---+---+---+---+---+---+---+---+
| 2 | 3 | 1 | 8 | 4 | 7 | 6 | 5 | 9 |
+---+---+---+---+---+---+---+---+---+
| 9 | 6 | 4 | 3 | 1 | 5 | 7 | 2 | 8 |
+---+---+---+---+---+---+---+---+---+
| 1 | 7 | 9 | 4 | 5 | 8 | 3 | 6 | 2 |
+---+---+---+---+---+---+---+---+---+
| 8 | 4 | 5 | 6 | 3 | 2 | 1 | 9 | 7 |
+---+---+---+---+---+---+---+---+---+
| 6 | 2 | 3 | 7 | 9 | 1 | 5 | 8 | 4 |
+---+---+---+---+---+---+---+---+---+

Id: 80a04e90bc50
Difficulty: 8.7
