+---+---+---+---+---+---+---+---+---+
| 6 | 8 | 5 | 7 | 2 | 1 | 4 | 9 | 3 |
+---+---+---+---+---+---+---+---+---+
| 4 | 3 | 1 | 8 | 6 | 9 | 5 | 7 | 2 |
+---+---+---+---+---+---+---+---+---+
| 2 | 9 | 7 | 5 | 3 | 4 | 1 | 8 | 6 |
+---+---+---+---+---+---+---+---+---+
| 8 | 2 | 4 | 3 | 9 | 5 | 6 | 1 | 7 |
+---+---+---+---+---+---+---+---+---+
| 3 | 7 | 6 | 4 | 1 | 8 | 2 | 5 | 9 |
+---+---+---+---+---+---+---+---+---+
| 1 | 5 | 9 | 2 | 7 | 6 | 8 | 3 | 4 |
+---+---+---+---+---+---+---+---+---+
| 9 | 4 | 2 | 1 | 5 | 7 | 3 | 6 | 8 |
+---+---+---+---+---+---+---+---+---+
| 5 | 6 | 8 | 9 | 4 | 3 | 7 | 2 | 1 |
+---+---+---+---+---+---+---+---+---+
| 7 | 1 | 3 | 6 | 8 | 2 | 9 | 4 | 5 |
+---+---+---+---+---+---+---+---+---+

Id: 68a59d42490a
Difficulty: 8.7
