+---+---+---+---+---+---+---+---+---+
| 6 | 4 | 5 | 8 | 3 | 7 | 2 | 1 | 9 |
+---+---+---+---+---+---+---+---+---+
| 8 | 1 | 2 | 5 | 9 | 6 | 7 | 3 | 4 |
+---+---+---+---+---+---+---+---+---+
| 9 | 3 | 7 | 1 | 4 | 2 | 5 | 8 | 6 |
+---+---+---+---+---+---+---+---+---+
| 1 | 2 | 3 | 7 | 6 | 9 | 4 | 5 | 8 |
+---+---+---+---+---+---+---+---+---+
| 5 | 9 | 4 | 2 | 8 | 1 | 6 | 7 | 3 |
+---+---+---+---+---+---+---+---+---+
| 7 | 6 | 8 | 4 | 5 | 3 | 9 | 2 | 1 |
+---+---+---+---+---+---+---+---+---+
| 2 | 7 | 6 | 9 | 1 | 8 | 3 | 4 | 5 |
+---+---+---+---+---+---+---+---+---+
| 4 | 8 | 9 | 3 | 2 | 5 | 1 | 6 | 7 |
+---+---+---+---+---+---+---+---+---+
| 3 | 5 | 1 | 6 | 7 | 4 | 8 | 9 | 2 |
+---+---+---+---+---+---+---+---+---+

Id: 76ed73a313a9
Difficulty: 8.8
