+---+---+---+---+---+---+---+---+---+
| 5 | 4 | 7 | 3 | 8 | 9 | 1 | 6 | 2 |
+---+---+---+---+---+---+---+---+---+
| 9 | 6 | 3 | 2 | 5 | 1 | 4 | 7 | 8 |
+---+---+---+---+---+---+---+---+---+
| 8 | 1 | 2 | 7 | 6 | 4 | 5 | 9 | 3 |
+---+---+---+---+---+---+---+---+---+
| 1 | 9 | 5 | 6 | 7 | 8 | 2 | 3 | 4 |
+---+---+---+---+---+---+---+---+---+
| 3 | 7 | 6 | 5 | 4 | 2 | 9 | 8 | 1 |
+---+---+---+---+---+---+---+---+---+
| 4 | 2 | 8 | 9 | 1 | 3 | 7 | 5 | 6 |
+---+---+---+---+---+---+---+---+---+
| 7 | 5 | 4 | 1 | 3 | 6 | 8 | 2 | 9 |
+---+---+---+---+---+---+---+---+---+
| 6 | 8 | 9 | 4 | 2 | 7 | 3 | 1 | 5 |
+---+---+---+---+---+---+---+---+---+
| 2 | 3 | 1 | 8 | 9 | 5 | 6 | 4 | 7 |
+---+---+---+---+---+---+---+---+---+

Id: 4f6b974a0939
Difficulty: 8.8
