+---+---+---+---+---+---+---+---+---+
| 6 | 8 | 4 | 5 | 2 | 3 | 7 | 1 | 9 |
+---+---+---+---+---+---+---+---+---+
| 3 | 7 | 2 | 8 | 9 | 1 | 6 | 5 | 4 |
+---+---+---+---+---+---+---+---+---+
| 5 | 1 | 9 | 7 | 6 | 4 | 2 | 3 | 8 |
+---+---+---+---+---+---+---+---+---+
| 9 | 5 | 6 | 1 | 7 | 8 | 4 | 2 | 3 |
+---+---+---+---+---+---+---+---+---+
| 2 | 4 | 1 | 3 | 5 | 6 | 8 | 9 | 7 |
+---+---+---+---+---+---+---+---+---+
| 8 | 3 | 7 | 9 | 4 | 2 | 1 | 6 | 5 |
+---+---+---+---+---+---+---+---+---+
| 4 | 9 | 3 | 6 | 1 | 7 | 5 | 8 | 2 |
+---+---+---+---+---+---+---+---+---+
| 7 | 6 | 5 | 2 | 8 | 9 | 3 | 4 | 1 |
+---+---+---+---+---+---+---+---+---+
| 1 | 2 | 8 | 4 | 3 | 5 | 9 | 7 | 6 |
+---+---+---+---+---+---+---+---+---+

Id: 819b3ec213f5
Difficulty: 8.9
