+---+---+---+---+---+---+---+---+---+
| 1 | 6 | 7 | 8 | 3 | 4 | 5 | 9 | 2 |
+---+---+---+---+---+---+---+---+---+
| 8 | 9 | 5 | 1 | 2 | 6 | 4 | 7 | 3 |
+---+---+---+---+---+---+---+---+---+
| 4 | 2 | 3 | 5 | 9 | 7 | 8 | 1 | 6 |
+---+---+---+---+---+---+---+---+---+
| 5 | 1 | 6 | 4 | 8 | 2 | 7 | 3 | 9 |
+---+---+---+---+---+---+---+---+---+
| 2 | 3 | 9 | 7 | 1 | 5 | 6 | 4 | 8 |
+---+---+---+---+---+---+---+---+---+
| 7 | 8 | 4 | 3 | 6 | 9 | 2 | 5 | 1 |
+---+---+---+---+---+---+---+---+---+
| 3 | 4 | 8 | 2 | 7 | 1 | 9 | 6 | 5 |
+---+---+---+---+---+---+---+---+---+
| 6 | 7 | 1 | 9 | 5 | 8 | 3 | 2 | 4 |
+---+---+---+---+---+---+---+---+---+
| 9 | 5 | 2 | 6 | 4 | 3 | 1 | 8 | 7 |
+---+---+---+---+---+---+---+---+---+

Id: 9dc562d70f81
Difficulty: 9.0
