+---+---+---+---+---+---+---+---+---+
| 1 | 7 | 8 | 3 | 9 | 5 | 2 | 4 | 6 |
+---+---+---+---+---+---+---+---+---+
| 5 | 2 | 4 | 8 | 7 | 6 | 3 | 9 | 1 |
+---+---+---+---+---+---+---+---+---+
| 3 | 9 | 6 | 4 | 2 | 1 | 5 | 8 | 7 |
+---+---+---+---+---+---+---+---+---+
| 8 | 6 | 2 | 5 | 1 | 3 | 4 | 7 | 9 |
+---+---+---+---+---+---+---+---+---+
| 4 | 1 | 5 | 7 | 8 | 9 | 6 | 3 | 2 |
+---+---+---+---+---+---+---+---+---+
| 9 | 3 | 7 | 6 | 4 | 2 | 1 | 5 | 8 |
+---+---+---+---+---+---+---+---+---+
| 6 | 8 | 9 | 2 | 5 | 4 | 7 | 1 | 3 |
+---+---+---+---+---+---+---+---+---+
| 2 | 5 | 1 | 9 | 3 | 7 | 8 | 6 | 4 |
+---+---+---+---+---+---+---+---+---+
| 7 | 4 | 3 | 1 | 6 | 8 | 9 | 2 | 5 |
+---+---+---+---+---+---+---+---+---+

Id: 134bd444bc4f
Difficulty: 9.1
