+---+---+---+---+---+---+---+---+---+
| 4 | 7 | 1 | 3 | 5 | 2 | 6 | 9 | 8 |
+---+---+---+---+---+---+---+---+---+
| 8 | 2 | 3 | 6 | 9 | 4 | 7 | 5 | 1 |
+---+---+---+---+---+---+---+---+---+
| 5 | 6 | 9 | 8 | 1 | 7 | 2 | 4 | 3 |
+---+---+---+---+---+---+---+---+---+
| 1 | 9 | 5 | 2 | 6 | 3 | 4 | 8 | 7 |
+---+---+---+---+---+---+---+---+---+
| 6 | 4 | 8 | 9 | 7 | 5 | 3 | 1 | 2 |
+---+---+---+---+---+---+---+---+---+
| 7 | 3 | 2 | 1 | 4 | 8 | 5 | 6 | 9 |
+---+---+---+---+---+---+---+---+---+
| 9 | 5 | 4 | 7 | 2 | 1 | 8 | 3 | 6 |
+---+---+---+---+---+---+---+---+---+
| 2 | 8 | 6 | 5 | 3 | 9 | 1 | 7 | 4 |
+---+---+---+---+---+---+---+---+---+
| 3 | 1 | 7 | 4 | 8 | 6 | 9 | 2 | 5 |
+---+---+---+---+---+---+---+---+---+

Id: 845d58892b1c
Difficulty: 9.1
