+---+---+---+---+---+---+---+---+---+
| 2 | 5 | 4 | 3 | 9 | 7 | 6 | 1 | 8 |
+---+---+---+---+---+---+---+---+---+
| 6 | 1 | 8 | 4 | 2 | 5 | 3 | 9 | 7 |
+---+---+---+---+---+---+---+---+---+
| 3 | 7 | 9 | 6 | 1 | 8 | 2 | 5 | 4 |
+---+---+---+---+---+---+---+---+---+
| 1 | 9 | 7 | 8 | 4 | 2 | 5 | 3 | 6 |
+---+---+---+---+---+---+---+---+---+
| 5 | 3 | 6 | 1 | 7 | 9 | 4 | 8 | 2 |
+---+---+---+---+---+---+---+---+---+
| 4 | 8 | 2 | 5 | 3 | 6 | 9 | 7 | 1 |
+---+---+---+---+---+---+---+---+---+
| 8 | 2 | 3 | 9 | 6 | 1 | 7 | 4 | 5 |
+---+---+---+---+---+---+---+---+---+
| 7 | 4 | 1 | 2 | 5 | 3 | 8 | 6 | 9 |
+---+---+---+---+---+---+---+---+---+
| 9 | 6 | 5 | 7 | 8 | 4 | 1 | 2 | 3 |
+---+---+---+---+---+---+---+---+---+

Id: 2e4a34d6e739
Difficulty: 9.2
