+---+---+---+---+---+---+---+---+---+
| 8 | 9 | 2 | 6 | 4 | 7 | 5 | 3 | 1 |
+---+---+---+---+---+---+---+---+---+
| 4 | 7 | 3 | 5 | 8 | 1 | 6 | 2 | 9 |
+---+---+---+---+---+---+---+---+---+
| 5 | 1 | 6 | 3 | 2 | 9 | 7 | 8 | 4 |
+---+---+---+---+---+---+---+---+---+
| 1 | 6 | 4 | 8 | 7 | 2 | 3 | 9 | 5 |
+---+---+---+---+---+---+---+---+---+
| 2 | 5 | 7 | 9 | 1 | 3 | 8 | 4 | 6 |
+---+---+---+---+---+---+---+---+---+
| 9 | 3 | 8 | 4 | 5 | 6 | 1 | 7 | 2 |
+---+---+---+---+---+---+---+---+---+
| 6 | 2 | 9 | 1 | 3 | 8 | 4 | 5 | 7 |
+---+---+---+---+---+---+---+---+---+
| 7 | 8 | 5 | 2 | 6 | 4 | 9 | 1 | 3 |
+---+---+---+---+---+---+---+---+---+
| 3 | 4 | 1 | 7 | 9 | 5 | 2 | 6 | 8 |
+---+---+---+---+---+---+---+---+---+

Id: 20f94544b249
Difficulty: 9.2
