+---+---+---+---+---+---+---+---+---+
| 4 | 5 | 3 | 1 | 9 | 6 | 8 | 7 | 2 |
+---+---+---+---+---+---+---+---+---+
| 9 | 7 | 2 | 8 | 4 | 5 | 6 | 1 | 3 |
+---+---+---+---+---+---+---+---+---+
| 8 | 1 | 6 | 3 | 2 | 7 | 4 | 9 | 5 |
+---+---+---+---+---+---+---+---+---+
| 5 | 2 | 9 | 6 | 8 | 4 | 7 | 3 | 1 |
+---+---+---+---+---+---+---+---+---+
| 7 | 6 | 4 | 5 | 3 | 1 | 2 | 8 | 9 |
+---+---+---+---+---+---+---+---+---+
| 3 | 8 | 1 | 2 | 7 | 9 | 5 | 6 | 4 |
+---+---+---+---+---+---+---+---+---+
| 1 | 9 | 8 | 7 | 5 | 2 | 3 | 4 | 6 |
+---+---+---+---+---+---+---+---+---+
| 6 | 3 | 5 | 4 | 1 | 8 | 9 | 2 | 7 |
+---+---+---+---+---+---+---+---+---+
| 2 | 4 | 7 | 9 | 6 | 3 | 1 | 5 | 8 |
+---+---+---+---+---+---+---+---+---+

Id: b4a0fbc18896
Difficulty: 1.5
