+---+---+---+---+---+---+---+---+---+
| 6 | 7 | 9 | 5 | 3 | 8 | 4 | 2 | 1 |
+---+---+---+---+---+---+---+---+---+
| 1 | 2 | 4 | 7 | 6 | 9 | 3 | 8 | 5 |
+---+---+---+---+---+---+---+---+---+
| 5 | 3 | 8 | 1 | 2 | 4 | 7 | 9 | 6 |
+---+---+---+---+---+---+---+---+---+
| 2 | 8 | 3 | 4 | 9 | 1 | 6 | 5 | 7 |
+---+---+---+---+---+---+---+---+---+
| 4 | 5 | 1 | 6 | 8 | 7 | 9 | 3 | 2 |
+---+---+---+---+---+---+---+---+---+
| 9 | 6 | 7 | 2 | 5 | 3 | 1 | 4 | 8 |
+---+---+---+---+---+---+---+---+---+
| 7 | 9 | 5 | 3 | 1 | 2 | 8 | 6 | 4 |
+---+---+---+---+---+---+---+---+---+
| 8 | 1 | 2 | 9 | 4 | 6 | 5 | 7 | 3 |
+---+---+---+---+---+---+---+---+---+
| 3 | 4 | 6 | 8 | 7 | 5 | 2 | 1 | 9 |
+---+---+---+---+---+---+---+---+---+

Id: d836253261fe
Difficulty: 1.5
