+---+---+---+---+---+---+---+---+---+
| 6 | 1 | 5 | 2 | 9 | 8 | 4 | 3 | 7 |
+---+---+---+---+---+---+---+---+---+
| 2 | 4 | 9 | 3 | 7 | 1 | 5 | 6 | 8 |
+---+---+---+---+---+---+---+---+---+
| 3 | 7 | 8 | 6 | 5 | 4 | 9 | 2 | 1 |
+---+---+---+---+---+---+---+---+---+
| 4 | 8 | 6 | 1 | 3 | 9 | 7 | 5 | 2 |
+---+---+---+---+---+---+---+---+---+
| 5 | 2 | 3 | 8 | 4 | 7 | 6 | 1 | 9 |
+---+---+---+---+---+---+---+---+---+
| 7 | 9 | 1 | 5 | 6 | 2 | 3 | 8 | 4 |
+---+---+---+---+---+---+---+---+---+
| 9 | 3 | 2 | 4 | 1 | 5 | 8 | 7 | 6 |
+---+---+---+---+---+---+---+---+---+
| 8 | 5 | 7 | 9 | 2 | 6 | 1 | 4 | 3 |
+---+---+---+---+---+---+---+---+---+
| 1 | 6 | 4 | 7 | 8 | 3 | 2 | 9 | 5 |
+---+---+---+---+---+---+---+---+---+

Id: f41a50a5e301
Difficulty: 1.7
