+---+---+---+---+---+---+---+---+---+
| 8 | 7 | 1 | 4 | 5 | 9 | 2 | 6 | 3 |
+---+---+---+---+---+---+---+---+---+
| 6 | 2 | 3 | 7 | 8 | 1 | 4 | 9 | 5 |
+---+---+---+---+---+---+---+---+---+
| 4 | 9 | 5 | 3 | 2 | 6 | 7 | 1 | 8 |
+---+---+---+---+---+---+---+---+---+
| 5 | 1 | 9 | 2 | 6 | 7 | 8 | 3 | 4 |
+---+---+---+---+---+---+---+---+---+
| 7 | 4 | 8 | 5 | 1 | 3 | 9 | 2 | 6 |
+---+---+---+---+---+---+---+---+---+
| 2 | 3 | 6 | 9 | 4 | 8 | 5 | 7 | 1 |
+---+---+---+---+---+---+---+---+---+
| 9 | 5 | 4 | 1 | 3 | 2 | 6 | 8 | 7 |
+---+---+---+---+---+---+---+---+---+
| 1 | 6 | 7 | 8 | 9 | 5 | 3 | 4 | 2 |
+---+---+---+---+---+---+---+---+---+
| 3 | 8 | 2 | 6 | 7 | 4 | 1 | 5 | 9 |
+---+---+---+---+---+---+---+---+---+

Id: 1720bb859cc5
Difficulty: 1.7
