+---+---+---+---+---+---+---+---+---+
| 3 | 1 | 8 | 2 | 7 | 6 | 5 | 9 | 4 |
+---+---+---+---+---+---+---+---+---+
| 9 | 2 | 5 | 1 | 8 | 4 | 3 | 7 | 6 |
+---+---+---+---+---+---+---+---+---+
| 4 | 7 | 6 | 5 | 3 | 9 | 2 | 8 | 1 |
+---+---+---+---+---+---+---+---+---+
| 2 | 9 | 1 | 4 | 5 | 7 | 8 | 6 | 3 |
+---+---+---+---+---+---+---+---+---+
| 6 | 8 | 4 | 3 | 1 | 2 | 9 | 5 | 7 |
+---+---+---+---+---+---+---+---+---+
| 7 | 5 | 3 | 9 | 6 | 8 | 4 | 1 | 2 |
+---+---+---+---+---+---+---+---+---+
| 5 | 3 | 2 | 6 | 9 | 1 | 7 | 4 | 8 |
+---+---+---+---+---+---+---+---+---+
| 8 | 6 | 9 | 7 | 4 | 3 | 1 | 2 | 5 |
+---+---+---+---+---+---+---+---+---+
| 1 | 4 | 7 | 8 | 2 | 5 | 6 | 3 | 9 |
+---+---+---+---+---+---+---+---+---+

Id: 8b7feffa5db3
Difficulty: 1.7
