+---+---+---+---+---+---+---+---+---+
| 3 | 7 | 9 | 4 | 1 | 2 | 8 | 5 | 6 |
+---+---+---+---+---+---+---+---+---+
| 4 | 5 | 2 | 8 | 6 | 3 | 7 | 1 | 9 |
+---+---+---+---+---+---+---+---+---+
| 6 | 1 | 8 | 5 | 7 | 9 | 3 | 2 | 4 |
+---+---+---+---+---+---+---+---+---+
| 8 | 6 | 5 | 2 | 4 | 7 | 1 | 9 | 3 |
+---+---+---+---+---+---+---+---+---+
| 2 | 4 | 7 | 9 | 3 | 1 | 6 | 8 | 5 |
+---+---+---+---+---+---+---+---+---+
| 9 | 3 | 1 | 6 | 8 | 5 | 2 | 4 | 7 |
+---+---+---+---+---+---+---+---+---+
| 5 | 2 | 3 | 7 | 9 | 8 | 4 | 6 | 1 |
+---+---+---+---+---+---+---+---+---+
| 1 | 8 | 4 | 3 | 5 | 6 | 9 | 7 | 2 |
+---+---+---+---+---+---+---+---+---+
| 7 | 9 | 6 | 1 | 2 | 4 | 5 | 3 | 8 |
+---+---+---+---+---+---+---+---+---+

Id: 7f7439562b26
Difficulty: 1.7
