+---+---+---+---+---+---+---+---+---+
| 4 | 9 | 8 | 3 | 6 | 1 | 2 | 7 | 5 |
+---+---+---+---+---+---+---+---+---+
| 5 | 3 | 7 | 8 | 2 | 9 | 1 | 6 | 4 |
+---+---+---+---+---+---+---+---+---+
| 2 | 1 | 6 | 7 | 4 | 5 | 9 | 8 | 3 |
+---+---+---+---+---+---+---+---+---+
| 1 | 5 | 4 | 9 | 7 | 3 | 8 | 2 | 6 |
+---+---+---+---+---+---+---+---+---+
| 8 | 2 | 3 | 5 | 1 | 6 | 7 | 4 | 9 |
+---+---+---+---+---+---+---+---+---+
| 7 | 6 | 9 | 4 | 8 | 2 | 3 | 5 | 1 |
+---+---+---+---+---+---+---+---+---+
| 9 | 4 | 1 | 2 | 5 | 8 | 6 | 3 | 7 |
+---+---+---+---+---+---+---+---+---+
| 6 | 7 | 2 | 1 | 3 | 4 | 5 | 9 | 8 |
+---+---+---+---+---+---+---+---+---+
| 3 | 8 | 5 | 6 | 9 | 7 | 4 | 1 | 2 |
+---+---+---+---+---+---+---+---+---+

Id: 4ed7cbbb6d30
Difficulty: 1.7
