+---+---+---+---+---+---+---+---+---+
| 1 | 4 | 7 | 9 | 2 | 8 | 3 | 5 | 6 |
+---+---+---+---+---+---+---+---+---+
| 8 | 3 | 9 | 7 | 6 | 5 | 1 | 2 | 4 |
+---+---+---+---+---+---+---+---+---+
| 5 | 2 | 6 | 4 | 1 | 3 | 8 | 9 | 7 |
+---+---+---+---+---+---+---+---+---+
| 2 | 8 | 1 | 5 | 7 | 4 | 6 | 3 | 9 |
+---+---+---+---+---+---+---+---+---+
| 3 | 9 | 4 | 6 | 8 | 1 | 2 | 7 | 5 |
+---+---+---+---+---+---+---+---+---+
| 7 | 6 | 5 | 2 | 3 | 9 | 4 | 8 | 1 |
+---+---+---+---+---+---+---+---+---+
| 6 | 5 | 3 | 1 | 9 | 2 | 7 | 4 | 8 |
+---+---+---+---+---+---+---+---+---+
| 4 | 1 | 8 | 3 | 5 | 7 | 9 | 6 | 2 |
+---+---+---+---+---+---+---+---+---+
| 9 | 7 | 2 | 8 | 4 | 6 | 5 | 1 | 3 |
+---+---+---+---+---+---+---+---+---+

Id: 4e877d457d21
Difficulty: 1.7
