+---+---+---+---+---+---+---+---+---+
| 1 | 7 | 4 | 3 | 9 | 5 | 2 | 8 | 6 |
+---+---+---+---+---+---+---+---+---+
| 5 | 2 | 9 | 4 | 6 | 8 | 1 | 3 | 7 |
+---+---+---+---+---+---+---+---+---+
| 8 | 3 | 6 | 1 | 7 | 2 | 9 | 5 | 4 |
+---+---+---+---+---+---+---+---+---+
| 6 | 5 | 2 | 9 | 1 | 4 | 8 | 7 | 3 |
+---+---+---+---+---+---+---+---+---+
| 4 | 8 | 3 | 6 | 2 | 7 | 5 | 9 | 1 |
+---+---+---+---+---+---+---+---+---+
| 7 | 9 | 1 | 8 | 5 | 3 | 4 | 6 | 2 |
+---+---+---+---+---+---+---+---+---+
| 2 | 4 | 5 | 7 | 3 | 9 | 6 | 1 | 8 |
+---+---+---+---+---+---+---+---+---+
| 9 | 1 | 7 | 2 | 8 | 6 | 3 | 4 | 5 |
+---+---+---+---+---+---+---+---+---+
| 3 | 6 | 8 | 5 | 4 | 1 | 7 | 2 | 9 |
+---+---+---+---+---+---+---+---+---+

Id: 06529ef60ac8
Difficulty: 1.7
