+---+---+---+---+---+---+---+---+---+
| 3 | 7 | 2 | 8 | 9 | 6 | 5 | 4 | 1 |
+---+---+---+---+---+---+---+---+---+
| 6 | 1 | 9 | 2 | 5 | 4 | 3 | 7 | 8 |
+---+---+---+---+---+---+---+---+---+
| 5 | 8 | 4 | 7 | 3 | 1 | 9 | 6 | 2 |
+---+---+---+---+---+---+---+---+---+
| 8 | 2 | 6 | 5 | 1 | 3 | 7 | 9 | 4 |
+---+---+---+---+---+---+---+---+---+
| 9 | 4 | 3 | 6 | 2 | 7 | 8 | 1 | 5 |
+---+---+---+---+---+---+---+---+---+
| 7 | 5 | 1 | 4 | 8 | 9 | 2 | 3 | 6 |
+---+---+---+---+---+---+---+---+---+
| 4 | 3 | 5 | 9 | 6 | 2 | 1 | 8 | 7 |
+---+---+---+---+---+---+---+---+---+
| 1 | 6 | 8 | 3 | 7 | 5 | 4 | 2 | 9 |
+---+---+---+---+---+---+---+---+---+
| 2 | 9 | 7 | 1 | 4 | 8 | 6 | 5 | 3 |
+---+---+---+---+---+---+---+---+---+

Id: 64469b4a5a6a
Difficulty: 1.7
