+---+---+---+---+---+---+---+---+---+
| 2 | 7 | 1 | 4 | 9 | 3 | 8 | 5 | 6 |
+---+---+---+---+---+---+---+---+---+
| 5 | 6 | 4 | 8 | 2 | 7 | 3 | 9 | 1 |
+---+---+---+---+---+---+---+---+---+
| 8 | 9 | 3 | 6 | 1 | 5 | 4 | 2 | 7 |
+---+---+---+---+---+---+---+---+---+
| 3 | 1 | 5 | 2 | 7 | 4 | 9 | 6 | 8 |
+---+---+---+---+---+---+---+---+---+
| 4 | 2 | 6 | 9 | 3 | 8 | 7 | 1 | 5 |
+---+---+---+---+---+---+---+---+---+
| 7 | 8 | 9 | 5 | 6 | 1 | 2 | 3 | 4 |
+---+---+---+---+---+---+---+---+---+
| 9 | 4 | 2 | 1 | 8 | 6 | 5 | 7 | 3 |
+---+---+---+---+---+---+---+---+---+
| 6 | 3 | 8 | 7 | 5 | 2 | 1 | 4 | 9 |
+---+---+---+---+---+---+---+---+---+
| 1 | 5 | 7 | 3 | 4 | 9 | 6 | 8 | 2 |
+---+---+---+---+---+---+---+---+---+

Id: 994bfbaf2e68
Difficulty: 2.0
