+---+---+---+---+---+---+---+---+---+
| 7 | 8 | 5 | 9 | 3 | 2 | 6 | 4 | 1 |
+---+---+---+---+---+---+---+---+---+
| 9 | 1 | 2 | 6 | 7 | 4 | 5 | 3 | 8 |
+---+---+---+---+---+---+---+---+---+
| 6 | 4 | 3 | 8 | 1 | 5 | 9 | 7 | 2 |
+---+---+---+---+---+---+---+---+---+
| 5 | 6 | 7 | 2 | 4 | 1 | 8 | 9 | 3 |
+---+---+---+---+---+---+---+---+---+
| 8 | 9 | 4 | 5 | 6 | 3 | 2 | 1 | 7 |
+---+---+---+---+---+---+---+---+---+
| 2 | 3 | 1 | 7 | 8 | 9 | 4 | 5 | 6 |
+---+---+---+---+---+---+---+---+---+
| 1 | 2 | 8 | 4 | 5 | 7 | 3 | 6 | 9 |
+---+---+---+---+---+---+---+---+---+
| 4 | 7 | 6 | 3 | 9 | 8 | 1 | 2 | 5 |
+---+---+---+---+---+---+---+---+---+
| 3 | 5 | 9 | 1 | 2 | 6 | 7 | 8 | 4 |
+---+---+---+---+---+---+---+---+---+

Id: e3f7ce1a57b9
Difficulty: 2.0
