+---+---+---+---+---+---+---+---+---+
| 2 | 9 | 5 | 8 | 4 | 7 | 1 | 3 | 6 |
+---+---+---+---+---+---+---+---+---+
| 3 | 1 | 4 | 9 | 6 | 5 | 7 | 2 | 8 |
+---+---+---+---+---+---+---+---+---+
| 8 | 7 | 6 | 3 | 1 | 2 | 5 | 4 | 9 |
+---+---+---+---+---+---+---+---+---+
| 7 | 6 | 2 | 5 | 3 | 9 | 4 | 8 | 1 |
+---+---+---+---+---+---+---+---+---+
| 4 | 3 | 9 | 1 | 2 | 8 | 6 | 7 | 5 |
+---+---+---+---+---+---+---+---+---+
| 5 | 8 | 1 | 4 | 7 | 6 | 2 | 9 | 3 |
+---+---+---+---+---+---+---+---+---+
| 6 | 5 | 3 | 2 | 9 | 4 | 8 | 1 | 7 |
+---+---+---+---+---+---+---+---+---+
| 9 | 4 | 7 | 6 | 8 | 1 | 3 | 5 | 2 |
+---+---+---+---+---+---+---+---+---+
| 1 | 2 | 8 | 7 | 5 | 3 | 9 | 6 | 4 |
+---+---+---+---+---+---+---+---+---+

Id: 633724c78fe2
Difficulty: 2.0
