+---+---+---+---+---+---+---+---+---+
| 3 | 6 | 9 | 2 | 5 | 7 | 8 | 4 | 1 |
+---+---+---+---+---+---+---+---+---+
| 5 | 8 | 2 | 1 | 4 | 9 | 3 | 6 | 7 |
+---+---+---+---+---+---+---+---+---+
| 4 | 7 | 1 | 8 | 6 | 3 | 9 | 5 | 2 |
+---+---+---+---+---+---+---+---+---+
| 7 | 5 | 6 | 4 | 3 | 8 | 2 | 1 | 9 |
+---+---+---+---+---+---+---+---+---+
| 1 | 3 | 8 | 9 | 2 | 6 | 4 | 7 | 5 |
+---+---+---+---+---+---+---+---+---+
| 2 | 9 | 4 | 7 | 1 | 5 | 6 | 3 | 8 |
+---+---+---+---+---+---+---+---+---+
| 8 | 1 | 3 | 6 | 7 | 2 | 5 | 9 | 4 |
+---+---+---+---+---+---+---+---+---+
| 6 | 2 | 7 | 5 | 9 | 4 | 1 | 8 | 3 |
+---+---+---+---+---+---+---+---+---+
| 9 | 4 | 5 | 3 | 8 | 1 | 7 | 2 | 6 |
+---+---+---+---+---+---+---+---+---+

Id: 1a84d372cc14
Difficulty: 2.0
