+---+---+---+---+---+---+---+---+---+
| 5 | 1 | 2 | 9 | 8 | 4 | 3 | 6 | 7 |
+---+---+---+---+---+---+---+---+---+
| 7 | 6 | 4 | 3 | 2 | 1 | 5 | 8 | 9 |
+---+---+---+---+---+---+---+---+---+
| 3 | 9 | 8 | 5 | 6 | 7 | 4 | 2 | 1 |
+---+---+---+---+---+---+---+---+---+
| 6 | 4 | 5 | 7 | 1 | 3 | 8 | 9 | 2 |
+---+---+---+---+---+---+---+---+---+
| 9 | 8 | 3 | 6 | 5 | 2 | 1 | 7 | 4 |
+---+---+---+---+---+---+---+---+---+
| 2 | 7 | 1 | 4 | 9 | 8 | 6 | 5 | 3 |
+---+---+---+---+---+---+---+---+---+
| 4 | 5 | 9 | 1 | 7 | 6 | 2 | 3 | 8 |
+---+---+---+---+---+---+---+---+---+
| 1 | 2 | 6 | 8 | 3 | 9 | 7 | 4 | 5 |
+---+---+---+---+---+---+---+---+---+
| 8 | 3 | 7 | 2 | 4 | 5 | 9 | 1 | 6 |
+---+---+---+---+---+---+---+---+---+

Id: da2819a8d232
Difficulty: 2.0
