+---+---+---+---+---+---+---+---+---+
| 8 | 6 | 9 | 2 | 3 | 4 | 1 | 5 | 7 |
+---+---+---+---+---+---+---+---+---+
| 7 | 2 | 5 | 1 | 9 | 6 | 4 | 8 | 3 |
+---+---+---+---+---+---+---+---+---+
| 3 | 4 | 1 | 5 | 8 | 7 | 9 | 6 | 2 |
+---+---+---+---+---+---+---+---+---+
| 1 | 9 | 4 | 6 | 7 | 5 | 3 | 2 | 8 |
+---+---+---+---+---+---+---+---+---+
| 6 | 5 | 8 | 3 | 4 | 2 | 7 | 9 | 1 |
+---+---+---+---+---+---+---+---+---+
| 2 | 7 | 3 | 9 | 1 | 8 | 6 | 4 | 5 |
+---+---+---+---+---+---+---+---+---+
| 9 | 3 | 6 | 8 | 5 | 1 | 2 | 7 | 4 |
+---+---+---+---+---+---+---+---+---+
| 5 | 1 | 7 | 4 | 2 | 9 | 8 | 3 | 6 |
+---+---+---+---+---+---+---+---+---+
| 4 | 8 | 2 | 7 | 6 | 3 | 5 | 1 | 9 |
+---+---+---+---+---+---+---+---+---+

Id: 7e2ff6d28c35
Difficulty: 2.0
