+---+---+---+---+---+---+---+---+---+
| 6 | 8 | 9 | 3 | 2 | 4 | 1 | 7 | 5 |
+---+---+---+---+---+---+---+---+---+
| 1 | 4 | 5 | 9 | 7 | 8 | 6 | 3 | 2 |
+---+---+---+---+---+---+---+---+---+
| 3 | 2 | 7 | 1 | 6 | 5 | 4 | 9 | 8 |
+---+---+---+---+---+---+---+---+---+
| 8 | 7 | 4 | 5 | 9 | 1 | 3 | 2 | 6 |
+---+---+---+---+---+---+---+---+---+
| 2 | 9 | 6 | 7 | 4 | 3 | 5 | 8 | 1 |
+---+---+---+---+---+---+---+---+---+
| 5 | 3 | 1 | 2 | 8 | 6 | 7 | 4 | 9 |
+---+---+---+---+---+---+---+---+---+
| 7 | 1 | 8 | 4 | 5 | 2 | 9 | 6 | 3 |
+---+---+---+---+---+---+---+---+---+
| 4 | 5 | 2 | 6 | 3 | 9 | 8 | 1 | 7 |
+---+---+---+---+---+---+---+---+---+
| 9 | 6 | 3 | 8 | 1 | 7 | 2 | 5 | 4 |
+---+---+---+---+---+---+---+---+---+

Id: ec130eb85b85
Difficulty: 2.0
