+---+---+---+---+---+---+---+---+---+
| 4 | 2 | 1 | 5 | 9 | 8 | 3 | 7 | 6 |
+---+---+---+---+---+---+---+---+---+
| 5 | 6 | 9 | 7 | 1 | 3 | 8 | 2 | 4 |
+---+---+---+---+---+---+---+---+---+
| 8 | 7 | 3 | 6 | 2 | 4 | 5 | 9 | 1 |
+---+---+---+---+---+---+---+---+---+
| 1 | 3 | 8 | 9 | 4 | 2 | 6 | 5 | 7 |
+---+---+---+---+---+---+---+---+---+
| 7 | 9 | 2 | 3 | 6 | 5 | 1 | 4 | 8 |
+---+---+---+---+---+---+---+---+---+
| 6 | 4 | 5 | 1 | 8 | 7 | 2 | 3 | 9 |
+---+---+---+---+---+---+---+---+---+
| 9 | 1 | 7 | 2 | 3 | 6 | 4 | 8 | 5 |
+---+---+---+---+---+---+---+---+---+
| 3 | 8 | 6 | 4 | 5 | 9 | 7 | 1 | 2 |
+---+---+---+---+---+---+---+---+---+
| 2 | 5 | 4 | 8 | 7 | 1 | 9 | 6 | 3 |
+---+---+---+---+---+---+---+---+---+

Id: df7605e7e39e
Difficulty: 2.0
