+---+---+---+---+---+---+---+---+---+
| 8 | 4 | 3 | 9 | 6 | 1 | 7 | 2 | 5 |
+---+---+---+---+---+---+---+---+---+
| 2 | 9 | 6 | 3 | 5 | 7 | 4 | 8 | 1 |
+---+---+---+---+---+---+---+---+---+
| 7 | 1 | 5 | 8 | 2 | 4 | 9 | 3 | 6 |
+---+---+---+---+---+---+---+---+---+
| 3 | 5 | 7 | 1 | 9 | 8 | 2 | 6 | 4 |
+---+---+---+---+---+---+---+---+---+
| 9 | 6 | 4 | 2 | 3 | 5 | 8 | 1 | 7 |
+---+---+---+---+---+---+---+---+---+
| 1 | 2 | 8 | 7 | 4 | 6 | 5 | 9 | 3 |
+---+---+---+---+---+---+---+---+---+
| 5 | 8 | 1 | 6 | 7 | 2 | 3 | 4 | 9 |
+---+---+---+---+---+---+---+---+---+
| 6 | 7 | 9 | 4 | 8 | 3 | 1 | 5 | 2 |
+---+---+---+---+---+---+---+---+---+
| 4 | 3 | 2 | 5 | 1 | 9 | 6 | 7 | 8 |
+---+---+---+---+---+---+---+---+---+

Id: 9b08f22f8e31
Difficulty: 2.0
