+---+---+---+---+---+---+---+---+---+
| 5 | 8 | 7 | 3 | 2 | 4 | 9 | 1 | 6 |
+---+---+---+---+---+---+---+---+---+
| 2 | 9 | 1 | 7 | 8 | 6 | 5 | 3 | 4 |
+---+---+---+---+---+---+---+---+---+
| 6 | 3 | 4 | 5 | 1 | 9 | 8 | 2 | 7 |
+---+---+---+---+---+---+---+---+---+
| 1 | 2 | 5 | 4 | 6 | 7 | 3 | 8 | 9 |
+---+---+---+---+---+---+---+---+---+
| 3 | 4 | 9 | 1 | 5 | 8 | 7 | 6 | 2 |
+---+---+---+---+---+---+---+---+---+
| 7 | 6 | 8 | 9 | 3 | 2 | 4 | 5 | 1 |
+---+---+---+---+---+---+---+---+---+
| 8 | 7 | 3 | 2 | 9 | 1 | 6 | 4 | 5 |
+---+---+---+---+---+---+---+---+---+
| 9 | 1 | 6 | 8 | 4 | 5 | 2 | 7 | 3 |
+---+---+---+---+---+---+---+---+---+
| 4 | 5 | 2 | 6 | 7 | 3 | 1 | 9 | 8 |
+---+---+---+---+---+---+---+---+---+

Id: 4c017403b0dc
Difficulty: 2.3
