+---+---+---+---+---+---+---+---+---+
| 5 | 9 | 2 | 1 | 4 | 6 | 7 | 8 | 3 |
+---+---+---+---+---+---+---+---+---+
| 4 | 3 | 7 | 5 | 2 | 8 | 9 | 6 | 1 |
+---+---+---+---+---+---+---+---+---+
| 6 | 8 | 1 | 9 | 3 | 7 | 5 | 2 | 4 |
+---+---+---+---+---+---+---+---+---+
| 9 | 7 | 8 | 6 | 1 | 2 | 4 | 3 | 5 |
+---+---+---+---+---+---+---+---+---+
| 1 | 4 | 3 | 8 | 5 | 9 | 6 | 7 | 2 |
+---+---+---+---+---+---+---+---+---+
| 2 | 6 | 5 | 4 | 7 | 3 | 1 | 9 | 8 |
+---+---+---+---+---+---+---+---+---+
| 3 | 5 | 9 | 7 | 8 | 4 | 2 | 1 | 6 |
+---+---+---+---+---+---+---+---+---+
| 7 | 2 | 4 | 3 | 6 | 1 | 8 | 5 | 9 |
+---+---+---+---+---+---+---+---+---+
| 8 | 1 | 6 | 2 | 9 | 5 | 3 | 4 | 7 |
+---+---+---+---+---+---+---+---+---+

Id: 8121bdc4fcfa
Difficulty: 2.3
