+---+---+---+---+---+---+---+---+---+
| 7 | 5 | 8 | 3 | 1 | 9 | 6 | 2 | 4 |
+---+---+---+---+---+---+---+---+---+
| 6 | 3 | 9 | 4 | 5 | 2 | 1 | 7 | 8 |
+---+---+---+---+---+---+---+---+---+
| 2 | 1 | 4 | 7 | 6 | 8 | 5 | 3 | 9 |
+---+---+---+---+---+---+---+---+---+
| 1 | 2 | 5 | 8 | 3 | 7 | 4 | 9 | 6 |
+---+---+---+---+---+---+---+---+---+
| 9 | 4 | 7 | 5 | 2 | 6 | 8 | 1 | 3 |
+---+---+---+---+---+---+---+---+---+
| 3 | 8 | 6 | 1 | 9 | 4 | 7 | 5 | 2 |
+---+---+---+---+---+---+---+---+---+
| 5 | 7 | 2 | 6 | 4 | 3 | 9 | 8 | 1 |
+---+---+---+---+---+---+---+---+---+
| 4 | 9 | 1 | 2 | 8 | 5 | 3 | 6 | 7 |
+---+---+---+---+---+---+---+---+---+
| 8 | 6 | 3 | 9 | 7 | 1 | 2 | 4 | 5 |
+---+---+---+---+---+---+---+---+---+

Id: a3616d1d03b7
Difficulty: 2.3
