+---+---+---+---+---+---+---+---+---+
| 8 | 7 | 5 | 3 | 1 | 6 | 9 | 2 | 4 |
+---+---+---+---+---+---+---+---+---+
| 2 | 3 | 4 | 9 | 5 | 7 | 1 | 6 | 8 |
+---+---+---+---+---+---+---+---+---+
| 1 | 6 | 9 | 2 | 4 | 8 | 3 | 5 | 7 |
+---+---+---+---+---+---+---+---+---+
| 3 | 1 | 8 | 7 | 6 | 4 | 5 | 9 | 2 |
+---+---+---+---+---+---+---+---+---+
| 5 | 9 | 2 | 1 | 8 | 3 | 4 | 7 | 6 |
+---+---+---+---+---+---+---+---+---+
| 7 | 4 | 6 | 5 | 9 | 2 | 8 | 1 | 3 |
+---+---+---+---+---+---+---+---+---+
| 9 | 8 | 7 | 4 | 2 | 1 | 6 | 3 | 5 |
+---+---+---+---+---+---+---+---+---+
| 4 | 2 | 1 | 6 | 3 | 5 | 7 | 8 | 9 |
+---+---+---+---+---+---+---+---+---+
| 6 | 5 | 3 | 8 | 7 | 9 | 2 | 4 | 1 |
+---+---+---+---+---+---+---+---+---+

Id: 7a616747c38b
Difficulty: 2.3
