+---+---+---+---+---+---+---+---+---+
| 8 | 4 | 2 | 9 | 5 | 6 | 7 | 1 | 3 |
+---+---+---+---+---+---+---+---+---+
| 3 | 1 | 7 | 8 | 4 | 2 | 5 | 9 | 6 |
+---+---+---+---+---+---+---+---+---+
| 5 | 9 | 6 | 1 | 3 | 7 | 8 | 2 | 4 |
+---+---+---+---+---+---+---+---+---+
| 4 | 6 | 3 | 2 | 8 | 9 | 1 | 7 | 5 |
+---+---+---+---+---+---+---+---+---+
| 7 | 2 | 5 | 3 | 6 | 1 | 4 | 8 | 9 |
+---+---+---+---+---+---+---+---+---+
| 9 | 8 | 1 | 4 | 7 | 5 | 3 | 6 | 2 |
+---+---+---+---+---+---+---+---+---+
| 2 | 7 | 8 | 5 | 9 | 3 | 6 | 4 | 1 |
+---+---+---+---+---+---+---+---+---+
| 6 | 3 | 9 | 7 | 1 | 4 | 2 | 5 | 8 |
+---+---+---+---+---+---+---+---+---+
| 1 | 5 | 4 | 6 | 2 | 8 | 9 | 3 | 7 |
+---+---+---+---+---+---+---+---+---+

Id: b7e4bfe93d1e
Difficulty: 2.3
