+---+---+---+---+---+---+---+---+---+
| 5 | 4 | 8 | 7 | 3 | 6 | 9 | 2 | 1 |
+---+---+---+---+---+---+---+---+---+
| 3 | 1 | 9 | 5 | 2 | 4 | 7 | 6 | 8 |
+---+---+---+---+---+---+---+---+---+
| 6 | 7 | 2 | 1 | 8 | 9 | 3 | 5 | 4 |
+---+---+---+---+---+---+---+---+---+
| 4 | 9 | 3 | 8 | 1 | 5 | 2 | 7 | 6 |
+---+---+---+---+---+---+---+---+---+
| 7 | 2 | 5 | 4 | 6 | 3 | 8 | 1 | 9 |
+---+---+---+---+---+---+---+---+---+
| 1 | 8 | 6 | 2 | 9 | 7 | 5 | 4 | 3 |
+---+---+---+---+---+---+---+---+---+
| 8 | 5 | 4 | 9 | 7 | 1 | 6 | 3 | 2 |
+---+---+---+---+---+---+---+---+---+
| 2 | 6 | 1 | 3 | 5 | 8 | 4 | 9 | 7 |
+---+---+---+---+---+---+---+---+---+
| 9 | 3 | 7 | 6 | 4 | 2 | 1 | 8 | 5 |
+---+---+---+---+---+---+---+---+---+

Id: b3457d5042c0
Difficulty: 2.3
