+---+---+---+---+---+---+---+---+---+
| 8 | 3 | 2 | 4 | 5 | 1 | 7 | 9 | 6 |
+---+---+---+---+---+---+---+---+---+
| 7 | 4 | 6 | 8 | 9 | 2 | 3 | 5 | 1 |
+---+---+---+---+---+---+---+---+---+
| 9 | 5 | 1 | 6 | 7 | 3 | 2 | 8 | 4 |
+---+---+---+---+---+---+---+---+---+
| 4 | 8 | 5 | 9 | 6 | 7 | 1 | 2 | 3 |
+---+---+---+---+---+---+---+---+---+
| 2 | 1 | 9 | 3 | 8 | 4 | 6 | 7 | 5 |
+---+---+---+---+---+---+---+---+---+
| 6 | 7 | 3 | 1 | 2 | 5 | 9 | 4 | 8 |
+---+---+---+---+---+---+---+---+---+
| 3 | 2 | 7 | 5 | 1 | 8 | 4 | 6 | 9 |
+---+---+---+---+---+---+---+---+---+
| 1 | 6 | 8 | 7 | 4 | 9 | 5 | 3 | 2 |
+---+---+---+---+---+---+---+---+---+
| 5 | 9 | 4 | 2 | 3 | 6 | 8 | 1 | 7 |
+---+---+---+---+---+---+---+---+---+

Id: 7c11dd1dc057
Difficulty: 2.3
