+---+---+---+---+---+---+---+---+---+
| 9 | 3 | 2 | 6 | 8 | 1 | 7 | 5 | 4 |
+---+---+---+---+---+---+---+---+---+
| 1 | 4 | 5 | 3 | 7 | 9 | 6 | 2 | 8 |
+---+---+---+---+---+---+---+---+---+
| 6 | 7 | 8 | 2 | 4 | 5 | 9 | 1 | 3 |
+---+---+---+---+---+---+---+---+---+
| 7 | 6 | 9 | 8 | 1 | 3 | 2 | 4 | 5 |
+---+---+---+---+---+---+---+---+---+
| 5 | 1 | 3 | 9 | 2 | 4 | 8 | 7 | 6 |
+---+---+---+---+---+---+---+---+---+
| 2 | 8 | 4 | 5 | 6 | 7 | 3 | 9 | 1 |
+---+---+---+---+---+---+---+---+---+
| 4 | 2 | 1 | 7 | 3 | 8 | 5 | 6 | 9 |
+---+---+---+---+---+---+---+---+---+
| 3 | 5 | 6 | 4 | 9 | 2 | 1 | 8 | 7 |
+---+---+---+---+---+---+---+---+---+
| 8 | 9 | 7 | 1 | 5 | 6 | 4 | 3 | 2 |
+---+---+---+---+---+---+---+---+---+

Id: 9062bb7418be
Difficulty: 2.3
