+---+---+---+---+---+---+---+---+---+
| 7 | 2 | 3 | 8 | 1 | 9 | 4 | 5 | 6 |
+---+---+---+---+---+---+---+---+---+
| 6 | 4 | 8 | 3 | 7 | 5 | 9 | 1 | 2 |
+---+---+---+---+---+---+---+---+---+
| 5 | 9 | 1 | 6 | 4 | 2 | 8 | 7 | 3 |
+---+---+---+---+---+---+---+---+---+
| 3 | 5 | 6 | 4 | 8 | 7 | 2 | 9 | 1 |
+---+---+---+---+---+---+---+---+---+
| 1 | 7 | 9 | 5 | 2 | 6 | 3 | 8 | 4 |
+---+---+---+---+---+---+---+---+---+
| 4 | 8 | 2 | 1 | 9 | 3 | 5 | 6 | 7 |
+---+---+---+---+---+---+---+---+---+
| 9 | 6 | 5 | 2 | 3 | 1 | 7 | 4 | 8 |
+---+---+---+---+---+---+---+---+---+
| 2 | 1 | 4 | 7 | 5 | 8 | 6 | 3 | 9 |
+---+---+---+---+---+---+---+---+---+
| 8 | 3 | 7 | 9 | 6 | 4 | 1 | 2 | 5 |
+---+---+---+---+---+---+---+---+---+

Id: 7134ab47a4ea
Difficulty: 2.3
