+---+---+---+---+---+---+---+---+---+
| 2 | 5 | 7 | 1 | 9 | 8 | 3 | 6 | 4 |
+---+---+---+---+---+---+---+---+---+
| 8 | 1 | 3 | 5 | 6 | 4 | 2 | 7 | 9 |
+---+---+---+---+---+---+---+---+---+
| 4 | 9 | 6 | 3 | 2 | 7 | 5 | 8 | 1 |
+---+---+---+---+---+---+---+---+---+
| 5 | 2 | 8 | 7 | 4 | 6 | 1 | 9 | 3 |
+---+---+---+---+---+---+---+---+---+
| 7 | 3 | 9 | 8 | 5 | 1 | 6 | 4 | 2 |
+---+---+---+---+---+---+---+---+---+
| 6 | 4 | 1 | 9 | 3 | 2 | 8 | 5 | 7 |
+---+---+---+---+---+---+---+---+---+
| 3 | 7 | 5 | 6 | 1 | 9 | 4 | 2 | 8 |
+---+---+---+---+---+---+---+---+---+
| 9 | 6 | 2 | 4 | 8 | 3 | 7 | 1 | 5 |
+---+---+---+---+---+---+---+---+---+
| 1 | 8 | 4 | 2 | 7 | 5 | 9 | 3 | 6 |
+---+---+---+---+---+---+---+---+---+

Id: 8d169e0c82c5
Difficulty: 2.3
